23 47 71 73 97 167 191 193 
239 241 263 311 313 337 359 383 
409 433 457 479 503 599 647 673 
719 743 769 839 863 887 911 983 
1009 1031 1033 1103 1129 1151 1153 1223 
1249 1297 1319 1321 1367 1439 1487 1489 
1511 1559 1583 1607 1609 1657 1753 1777 
1823 1847 1871 1873 1993 2017 2039 2063 
2087 2089 2111 2113 2137 2161 2207 2281 
2351 2377 2399 2423 2447 2521 2543 2591 
2617 2663 2687 2689 2711 2713 2857 2879 
2903 2927 2953 2999 3001 3023 3049 3119 
3121 3167 3169 3191 3217 3313 3359 3361 
3407 3433 3457 3527 3623 3671 3697 3719 
3767 3769 3793 3863 3911 4007 4079 4127 
4129 4201 4271 4273 4391 4441 4463 4561 
4583 4657 4679 4703 4751 4799 4871 4919 
4943 4967 4969 4993 5039 5087 5231 5279 
5281 5303 5351 5399 5449 5471 5519 5521 
5591 5639 5641 5689 5711 5783 5807 5857 
5879 5881 5903 5927 5953 6047 6073 6121 
6143 6217 6263 6287 6311 6337 6359 6361 
6481 6551 6577 6599 6673 6719 6791 6841 
6863 6911 6959 6961 6983 7057 7079 7103 
7127 7129 7151 7177 7247 7297 7321 7417 
7487 7489 7537 7559 7561 7583 7607 7681 
7703 7727 7753 7823 7873 7919 8017 8039 
8087 8089 8111 8161 8231 8329 8353 8423 
8447 8521 8543 8641 8663 8689 8713 8737 
8761 8783 8807 8951 8999 9001 9049 9239 
9311 9431 9433 9479 9551 9623 9649 9697 
9719 9721 9743 9767 9769 9791 9839 9887 
10007 10009 10079 10103 10151 10223 10247 10271 
10273 10321 10343 10369 10391 10463 10487 10559 
10607 10631 10657 10729 10753 10799 10847 10993 
11087 11159 11161 11257 11279 11351 11353 11399 
11423 11447 11471 11497 11519 11593 11689 11783 
11807 11831 11833 11903 11927 11953 12049 12071 
12097 12119 12143 12239 12263 12289 12433 12479 
12503 12527 12553 12577 12601 12647 12671 12721 
12743 12791 12841 12889 12911 12959 12983 13007 
13009 13033 13103 13127 13151 13177 13249 13367 
13417 13463 13487 13513 13537 13633 13679 13681 
13729 13799 13873 13921 13967 14087 14159 14207 
14281 14303 14327 14423 14447 14519 14543 14591 
14639 14713 14759 14783 14831 14879 14951 15193 
15263 15287 15289 15313 15359 15383 15527 15551 
15647 15649 15671 15767 15791 15817 15887 15889 
15937 15959 16007 16033 16057 16103 16127 16223 
16273 16319 16369 16417 16487 16561 16607 16631 
16703 16729 16823 16871 16943 16993 17041 17159 
17183 17207 17231 17257 17327 17351 17377 17449 
17471 17519 17569 17713 17783 17807 17903 17977 
18047 18097 18119 18143 18169 18191 18217 18287 
18289 18311 18313 18457 18481 18503 18553 18671 
18719 18743 18793 18839 18911 18913 18959 19009 
19079 19081 19249 19319 19391 19463 19489 19559 
19583 19609 19681 19727 19751 19753 19801 19919 
19991 20063 20089 20113 20161 20183 20233 20327 
20353 20399 20521 20543 20639 20663 20759 20807 
20879 20903 20929 21001 21023 21121 21143 21169 
21191 21193 21383 21407 21433 21503 21529 21599 
21647 21649 21673 21767 21817 21839 21863 21911 
21937 22031 22079 22129 22153 22247 22271 22273 
22343 22367 22369 22391 22511 22679 22727 22751 
22871 22921 22943 22993 23017 23039 23041 23063 
23087 23159 23279 23327 23399 23447 23497 23567 
23593 23663 23687 23689 23831 23879 23929 23977 
24001 24023 24049 24071 24097 24121 24169 24239 
24359 24407 24481 24527 24551 24623 24671 24697 
24767 24793 24889 25031 25033 25057 25127 25153 
25247 25321 25343 25367 25391 25439 25463 25537 
25561 25583 25609 25657 25679 25703 25799 25801 
25847 25873 25919 25943 25969 26017 26041 26111 
26113 26183 26399 26423 26449 26591 26641 26687 
26711 26713 26737 26759 26783 26833 26879 26881 
26903 26927 26951 27073 27143 27191 27239 27241 
27337 27407 27409 27431 27457 27479 27481 27527 
27529 27647 27673 27697 27743 27767 27791 27793 
27817 27983 28031 28057 28081 28151 28201 28297 
28319 28439 28463 28559 28607 28631 28703 28729 
28751 28871 28921 29063 29207 29231 29303 29327 
29399 29401 29423 29473 29567 29569 29641 29663 
29759 29879 29881 29927 30047 30071 30097 30119 
30169 30313 30431 30553 30577 30649 30671 30697 
30817 30839 30841 30911 30983 31079 31081 31151 
31153 31223 31247 31271 31319 31321 31391 31393 
31489 31511 31513 31583 31607 31657 31727 31729 
31751 31799 31847 31849 31873 31991 32063 32159 
32183 32257 32303 32327 32353 32377 32401 32423 
32497 32569 32687 32783 32831 32833 32999 33023 
33049 33071 33119 33287 33289 33311 33359 33409 
33457 33479 33503 33529 33577 33599 33601 33623 
33647 33767 33769 33791 33863 33889 33911 33937 
34031 34033 34057 34127 34129 34273 34297 34319 
34367 34369 34439 34487 34537 34583 34607 34631 
34679 34703 34729 34847 34871 34919 35089 35111 
35159 35257 35279 35327 35401 35423 35447 35543 
35569 35591 35593 35759 35831 35879 35951 35977 
35999 36073 36097 36191 36241 36263 36313 36383 
36433 36457 36479 36527 36551 36599 36671 36697 
36721 36767 36791 36793 36887 37199 37223 37321 
37369 37441 37463 37511 37537 37561 37607 37657 
37799 37847 37871 37967 37991 37993 38039 38183 
38231 38281 38303 38327 38329 38351 38377 38447 
38449 38543 38567 38569 38593 38639 38737 38783 
38903 38953 38977 39023 39047 39097 39119 39191 
39239 39241 39313 39359 39383 39503 39551 39623 
39671 39719 39769 39791 39839 39863 39887 39937 
39983 40009 40031 40127 40129 40151 40343 40487 
40559 40583 40609 40751 40801 40823 40847 40849 
40897 41017 41039 41161 41183 41231 41281 41351 
41399 41519 41521 41543 41593 41617 41641 41687 
41737 41759 41809 41879 41903 41927 41953 41999 
42023 42071 42073 42169 42239 42337 42359 42407 
42409 42457 42577 42649 42719 42743 42767 42839 
42841 42863 43103 43151 43177 43201 43223 43271 
43319 43321 43391 43487 43607 43609 43633 43777 
43801 43943 43969 43991 44041 44087 44111 44159 
44207 44279 44281 44351 44449 44497 44519 44543 
44617 44641 44687 44711 44809 44879 44927 44953 
45119 45121 45191 45263 45289 45337 45361 45433 
45503 45553 45599 45673 45767 45817 45841 45863 
45887 45959 46103 46153 46199 46271 46439 46489 
46511 46559 46633 46679 46703 46727 46751 46919 
47041 47087 47111 47137 47207 47279 47303 47351 
47353 47521 47543 47591 47639 47711 47713 47737 
47807 47809 47857 47903 47951 47977 48023 48049 
48073 48119 48121 48193 48239 48311 48383 48407 
48479 48481 48527 48623 48647 48649 48767 48889 
49009 49033 49081 49103 49177 49199 49201 49223 
49367 49391 49463 49537 49559 49727 49801 49823 
49871 49919 49921 49943 49991 49993 50087 50111 
50159 50231 50329 50423 50497 50543 50591 50593 
50833 50857 50929 50951 51001 51047 51071 51169 
51193 51217 51239 51263 51287 51383 51407 51431 
51479 51481 51503 51551 51577 51599 51647 51673 
51719 51721 51767 51769 51817 51839 51913 52009 
52057 52081 52103 52127 52177 52201 52223 52321 
52369 52391 52511 52561 52583 52609 52727 52919 
52967 53087 53089 53113 53161 53231 53233 53279 
53281 53327 53353 53377 53401 53569 53591 53593 
53639 53759 53783 53831 53857 53927 53951 54049 
54121 54167 54193 54217 54287 54311 54409 54503 
54601 54623 54647 54673 54721 54767 54959 54983 
55009 55057 55079 55103 55127 55249 55343 55439 
55487 55511 55631 55799 55823 55849 55871 55897 
55921 55967 56039 56041 56087 56207 56209 56377 
56401 56473 56519 56543 56569 56591 56663 56687 
56711 56737 56783 56807 56809 56929 56951 56999 
57047 57073 57097 57119 57143 57191 57241 57287 
57383 57457 57503 57527 57719 57791 57839 58031 
58151 58199 58271 58321 58367 58369 58391 58393 
58417 58439 58511 58679 58727 58897 58943 58967 
58991 59063 59159 59183 59207 59209 59351 59377 
59399 59447 59471 59497 59567 59617 59663 59833 
59879 59929 59951 59999 60167 60169 60217 60289 
60383 60457 60527 60623 60647 60649 60719 60793 
60887 60937 60961 61007 61031 61057 61129 61151 
61153 61223 61343 61417 61441 61463 61487 61511 
61559 61583 61609 61631 61681 61703 61729 61751 
61871 61967 61991 62017 62039 62137 62207 62303 
62327 62351 62401 62423 62473 62591 62617 62639 
62687 62903 62927 63073 63097 63311 63337 63361 
63409 63527 63599 63601 63647 63649 63671 63697 
63719 63743 63793 63839 63863 64007 64033 64081 
64151 64153 64223 64271 64319 64439 64513 64633 
64679 64849 64871 64919 64969 65063 65089 65111 
65183 65327 65353 65423 65447 65449 65497 65519 
65543 65687 65713 65761 65809 65831 65927 65951 
66047 66071 66169 66191 66239 66359 66361 66383 
66431 66457 66529 66553 66601 66721 66791 66863 
66959 67057 67079 67103 67129 67153 67247 67271 
67273 67343 67369 67391 67511 67559 67607 67631 
67679 67751 67777 67943 67967 68041 68087 68111 
68113 68161 68207 68279 68281 68329 68351 68399 
68447 68473 68521 68543 68567 68639 68687 68711 
68713 68737 68879 68881 68903 68927 69001 69073 
69119 69143 69191 69239 69263 69313 69337 69383 
69431 69623 69767 69911 69959 70009 70079 70177 
70199 70201 70223 70271 70297 70393 70439 70487 
70583 70607 70729 70753 70823 70849 70919 70991 
71039 71161 71209 71257 71327 71329 71353 71399 
71471 71593 71663 71711 71713 71807 71809 71879 
71881 71999 72047 72073 72167 72169 72287 72313 
72337 72383 72431 72503 72551 72623 72647 72649 
72671 72719 72767 72889 72911 72959 73009 73079 
73127 73369 73561 73583 73607 73609 73679 73681 
73727 73751 73823 73847 73849 73897 73943 74159 
74161 74209 74231 74257 74279 74377 74471 74521 
74567 74687 74713 74759 74831 74857 74903 74929 
75167 75169 75193 75239 75337 75407 75431 75479 
75503 75527 75553 75721 75743 75767 75793 75913 
75983 76031 76079 76081 76103 76129 76343 76367 
76441 76463 76487 76511 76537 76607 76631 76679 
76753 76777 76801 76847 76871 76873 76919 76943 
76991 77041 77137 77279 77351 77377 77447 77521 
77543 77569 77591 77641 77687 77689 77711 77713 
77761 77783 77951 77999 78121 78167 78191 78193 
78241 78311 78479 78577 78623 78649 78791 78839 
78887 79031 79103 79151 79153 79201 79273 79319 
79367 79393 79559 79609 79631 79633 79657 79777 
79823 79847 79873 79943 79967 80039 80111 80207 
80209 80231 80233 80279 80329 80447 80471 80473 
80567 80687 80713 80737 80783 80831 80833 80929 
80953 81001 81023 81047 81049 81071 81097 81119 
81239 81359 81409 81457 81527 81551 81553 81647 
81649 81671 81769 81817 81839 81937 82007 82009 
82031 82129 82153 82223 82463 82487 82559 82561 
82609 82727 82729 82799 82847 83063 83207 83231 
83257 83399 83401 83423 83471 83497 83591 83617 
83639 83641 83663 83689 83761 83903 84047 84121 
84143 84191 84239 84263 84407 84431 84457 84481 
84503 84551 84649 84697 84719 84913 84961 85081 
85103 85199 85201 85223 85247 85297 85369 85439 
85487 85513 85607 85703 85751 85847 85991 86017 
86113 86137 86183 86209 86351 86353 86399 86423 
86689 86711 86783 86927 86929 86951 87049 87071 
87119 87121 87313 87337 87359 87383 87407 87481 
87623 87649 87671 87697 87719 87721 87743 87767 
87793 87887 87911 87959 87961 88007 88079 88223 
88321 88463 88513 88607 88609 88657 88729 88799 
88801 88897 88919 88969 89041 89087 89113 89137 
89209 89231 89303 89399 89449 89519 89521 89567 
89591 89689 89759 89783 89809 90001 90023 90073 
90121 90191 90239 90263 90289 90313 90359 90407 
90481 90527 90529 90599 90647 90697 90793 90841 
90863 90887 90911 91009 91079 91081 91127 91151 
91199 91249 91297 91367 91369 91393 91463 91513 
91583 91631 91703 91753 91801 91823 91873 91943 
91967 92041 92111 92377 92399 92401 92567 92593 
92639 92761 92809 92831 92857 92927 92951 93001 
93047 93169 93239 93241 93263 93287 93337 93383 
93407 93479 93481 93503 93529 93719 93887 93889 
93911 93913 93937 93983 94007 94009 94033 94057 
94079 94151 94153 94201 94321 94343 94439 94441 
94463 94559 94561 94583 94727 94777 94823 94847 
94873 94993 95063 95087 95089 95111 95231 95233 
95257 95279 95327 95401 95471 95569 95737 95783 
95857 95881 95929 96097 96167 96263 96289 96337 
96431 96457 96479 96527 96601 96671 96697 96911 
96959 97007 97081 97103 97127 97151 97367 97441 
97463 97511 97583 97607 97609 97777 97847 97849 
97871 97919 97943 97967 98017 98207 98327 98377 
98473 98519 98543 98639 98641 98663 98711 98737 
98807 98927 98929 98953 98999 99023 99119 99191 
99241 99289 99431 99527 99529 99551 99577 99623 
99719 99721 99767 99793 99839 99961 100057 100103 
100129 100151 100271 100297 100343 100391 100393 100417 
100511 100537 100559 100703 100799 100801 100823 100847 
100943 101063 101089 101111 101113 101159 101161 101183 
101207 101209 101279 101377 101399 101449 101641 101663 
101807 101879 101929 101977 101999 102001 102023 102071 
102191 102217 102359 102407 102409 102433 102481 102503 
102551 102647 102769 102841 102911 102983 103007 103079 
103177 103319 103391 103511 103561 103583 103657 103681 
103703 103919 103967 103991 103993 104087 104113 104183 
104207 104231 104281 104327 104399 104471 104473 104543 
104593 104639 