307 439 499 643 727 919 997 1021 
1093 1399 1597 1933 2179 2203 2251 2287 
2341 2383 2671 2971 3181 3343 3373 3607 
3631 4339 5197 5323 6079 6091 6271 6301 
6967 7213 7639 7963 8011 8707 8779 8893 
9109 9277 9439 9931 9973 10429 10597 10651 
10957 11059 11149 11173 11551 11923 11971 12007 
12163 12343 12391 12421 12583 12799 12973 13003 
13063 13789 14197 14407 14731 15271 15619 15643 
15679 15973 17029 17383 17683 18133 18199 18307 
18661 19087 19531 19687 19699 19843 20143 20359 
20407 20707 20743 20959 21283 21517 21559 21787 
21799 22147 23143 23173 23773 24007 24091 24373 
24421 24469 24571 24877 25261 25621 25903 25981 
26083 26437 26701 26893 27109 27283 27427 27541 
27799 28069 28789 28807 29287 29599 29629 29683 
29803 29863 30187 30403 30427 30559 30949 31039 
31189 31219 31771 32971 33013 33223 33811 33871 
34303 34501 35059 35311 35317 35803 36067 36343 
36583 36637 36871 37309 37507 37879 38239 38287 
38461 38677 38803 39199 39373 39847 40429 40639 
41047 41131 41263 41467 41851 41947 42181 42187 
42223 42667 42787 42859 43003 43399 43591 43711 
43717 44203 44491 44623 44647 45691 45763 47251 
47629 47653 47797 47917 48157 48463 48589 49003 
49339 49477 49531 49711 49957 50221 50587 50773 
51109 51307 51853 51871 51907 52189 52363 52501 
52807 52861 52957 53269 53611 54367 54517 54679 
54973 55171 55351 55837 56197 56299 56443 56611 
57037 57829 58099 58237 58477 58831 59023 59053 
59077 59509 59779 60397 61231 61723 61981 62071 
62119 62383 62743 62971 62983 63691 63901 64279 
64627 64747 64783 65479 65731 66949 67021 67219 
67579 67723 67819 67843 68053 68821 69403 69829 
69859 70141 70207 70327 70423 70429 70627 70999 
71011 71059 71389 71443 71671 72043 72277 72727 
72931 73141 73363 74071 74197 74323 74413 74719 
74797 74923 75703 75991 76003 76423 76579 76597 
77167 77263 77527 77557 77899 78643 78691 78781 
78853 78901 79063 79357 79669 79693 81043 81421 
81463 81853 82039 82183 82231 83221 83227 83341 
83773 83983 84061 84199 85621 86011 86287 87013 
87739 88327 88591 88747 89653 89659 89839 90019 
90373 90439 90907 91243 91309 91381 91573 91957 
92143 92269 92311 92347 92623 92893 93199 93703 
93967 93997 94447 94597 94603 95107 95191 95467 
95479 95773 96469 96661 96763 97003 97171 97327 
97501 98047 98491 99349 99523 99823 100069 100267 
101203 101533 102199 102607 102643 103099 103387 103567 
104107 104323 104479 104623 