577 937 1201 1801 2473 2593 2833 3529 
3673 4153 4801 5209 5233 6793 7393 7993 
8209 8233 9241 9337 9601 10177 10513 11329 
12241 12697 14401 14449 14593 14737 14929 15217 
15361 16249 17497 17737 17929 18121 18433 19417 
19441 19993 20641 20857 21313 21601 21961 24841 
25633 25849 26209 26497 26953 27961 28393 28513 
28657 28753 29017 29137 29209 29761 29833 30241 
30529 30937 31249 32089 32233 33073 33961 34849 
34897 35449 35809 37057 37273 37633 37897 38833 
39409 39841 40177 40993 41113 41257 41761 42193 
42433 42793 42937 42961 43753 44089 44257 45697 
46273 46681 46993 47161 48337 48673 48817 49057 
49393 49681 51241 51361 52249 52489 53017 53881 
54001 54577 55633 55681 56113 56857 57529 57601 
57697 58057 58129 58441 58537 58657 59473 60337 
60601 60889 61297 61657 62761 62929 63313 64489 
65257 65521 65881 66337 67489 67801 69193 69457 
69481 69697 70249 70537 70657 71089 72481 72577 
74017 74353 74449 74761 75217 75289 75937 77617 
77929 78049 78721 78889 79537 79801 80449 80761 
80809 82393 83089 83137 83737 83857 84313 84793 
86161 87553 88873 89017 89833 89977 92233 92353 
92569 93097 93553 93601 94273 94849 95617 95713 
96553 96769 98257 98713 98809 99817 100153 101281 
101833 102121 102337 102673 102793 103393 103801 