3889 4177 4729 5569 5737 7369 8377 8929 
9817 13297 15601 15913 16657 16921 17401 17761 
18049 19273 19777 20593 21481 23209 23473 23833 
24337 26161 34513 35281 35353 35521 35617 36217 
38113 39217 41233 42697 44017 45481 47569 48409 
52153 53617 54361 57193 57793 59113 59233 60913 
61561 62233 62497 63913 64609 64921 65617 66697 
66889 67537 67993 68449 70489 70969 72673 72817 
75577 76249 76561 77017 78553 79561 82633 83833 
85009 88129 88993 90217 94513 96001 97177 97729 
98041 98689 99409 100609 104089 104161 