[619, 2473]    True    [1, 1]
[829, 1657]    True    [2, 0]
[883, 3529]    True    [1, 1]
[929, 5569]    True    [4, 5]
[997, 1993]    True    [2, 1]
[1069, 2137]    True    [2, 1]
[1303, 5209]    True    [0, 1]
[1453, 11617]    True    [2, 0]
[1637, 9817]    True    [2, 2]
[1699, 6793]    True    [1, 1]
[1733, 31177]    True    [2, 2]
[1931, 6563]    True    [1, 0]
[1999, 7993]    True    [0, 1]
[2053, 25309]    True    [2, 1]
[2069, 49633]    True    [2, 2]
[2251, 11251]    True    [1, 1]
[2389, 11941]    True    [2, 1]
[2617, 5233]    True    [2, 2]
[3037, 9109]    True    [2, 1]
[3517, 17581]    True    [2, 1]
[3517, 70321]    True    [2, 1]
[3709, 7417]    True    [2, 1]
[3739, 59809]    True    [1, 1]
[3863, 50207]    True    [0, 0]
[4027, 68443]    True    [1, 1]
[4111, 119191]    True    [0, 1]
[4483, 17929]    True    [1, 1]
[4603, 23011]    True    [1, 1]
[4789, 25309]    True    [2, 1]
[5749, 11497]    True    [2, 0]
[5821, 145501]    True    [2, 0]
[6037, 36217]    True    [2, 1]
[6121, 12241]    True    [1, 2]
[6211, 24841]    True    [1, 1]
[6481, 15121]    True    [1, 3]
[7129, 23761]    True    [1, 2]
[7159, 121687]    True    [0, 1]
[7213, 79333]    True    [2, 1]
[7297, 14593]    True    [6, 6]
[7333, 21997]    True    [2, 0]
[7681, 15361]    True    [8, 7]
[8011, 264331]    True    [1, 1]
[8059, 32233]    True    [1, 1]
[8069, 48409]    True    [2, 2]
[8293, 24877]    True    [2, 1]
[8461, 16921]    True    [2, 1]
[8527, 68209]    True    [0, 1]
[8563, 385291]    True    [1, 1]
[8863, 35449]    True    [0, 1]
[8893, 25309]    True    [2, 1]
[9181, 27541]    True    [2, 1]
[9181, 100981]    True    [2, 1]
[9311, 67033]    True    [0, 0]
[9341, 457661]    True    [2, 2]
[9631, 192601]    True    [0, 1]
[10399, 51991]    True    [0, 1]
[10937, 65617]    True    [0, 3]
[11149, 66889]    True    [2, 0]
[11161, 316201]    True    [1, 2]
[11197, 14929]    True    [2, 1]
[11717, 82013]    True    [2, 2]
[12391, 161071]    True    [0, 1]
[12547, 62731]    True    [1, 1]
[12637, 21061]    True    [2, 1]
[12781, 25561]    True    [2, 1]
[13063, 52249]    True    [0, 1]
[13093, 78553]    True    [2, 1]
[13591, 18121]    True    [0, 1]
[13681, 300961]    True    [3, 3]
[14011, 70051]    True    [1, 1]
[14029, 28057]    True    [2, 1]
[14419, 264331]    True    [1, 1]
[14549, 101837]    True    [2, 2]
[14563, 19417]    True    [1, 1]
[15101, 181201]    True    [2, 2]
[15451, 160681]    True    [1, 1]
[15679, 313561]    True    [0, 1]
[15733, 25309]    True    [2, 1]
[15887, 190633]    True    [0, 0]
[15959, 191497]    True    [0, 0]
[16057, 240841]    True    [2, 2]
[16481, 19777]    True    [4, 5]
[17107, 85531]    True    [1, 1]
[17443, 87211]    True    [1, 1]
[17539, 87691]    True    [1, 1]
[17581, 70321]    True    [2, 1]
[17581, 210961]    True    [2, 1]
[17609, 105649]    True    [1, 3]
[18217, 109297]    True    [2, 2]
[18691, 59809]    True    [1, 1]
[19087, 248119]    True    [0, 1]
[19483, 77929]    True    [1, 1]
[19543, 97711]    True    [0, 1]
[19603, 98011]    True    [1, 1]
[19687, 5767999]    True    [0, 1]
[19759, 177823]    True    [0, 1]
[20231, 34511]    True    [0, 0]
[20551, 119191]    True    [0, 1]
[20749, 809173]    True    [2, 0]
[21313, 724609]    True    [4, 4]
[21661, 43321]    True    [2, 0]
[21727, 260713]    True    [0, 1]
[22051, 110251]    True    [1, 1]
[22129, 44257]    True    [3, 3]
[23203, 30937]    True    [1, 1]
[23609, 141649]    True    [1, 3]
[24061, 48121]    True    [2, 1]
[24169, 48337]    True    [2, 0]
[24907, 39139]    True    [1, 1]
[25951, 103801]    True    [0, 1]
[26041, 316201]    True    [1, 2]
[26107, 130531]    True    [1, 1]
[26119, 696481]    True    [0, 1]
[26309, 184157]    True    [2, 2]
[26701, 160201]    True    [2, 0]
[27397, 191773]    True    [2, 0]
[27541, 100981]    True    [2, 1]
[27631, 174991]    True    [0, 1]
[27631, 1657801]    True    [0, 1]
[27901, 37201]    True    [2, 0]
[28621, 57241]    True    [2, 1]
[28789, 460609]    True    [2, 1]
[29803, 149011]    True    [1, 1]
[30223, 846217]    True    [0, 1]
[30403, 121609]    True    [1, 1]
[30469, 60937]    True    [2, 1]
[30517, 1312189]    True    [2, 1]
[30757, 92269]    True    [2, 0]
[31051, 44851]    True    [1, 1]
[31177, 239017]    True    [2, 2]
[32077, 64153]    True    [2, 1]
[32203, 42937]    True    [1, 1]
[32299, 36913]    True    [1, 1]
[32779, 131113]    True    [1, 1]
[32917, 164581]    True    [2, 1]
[33301, 66601]    True    [2, 1]
[33391, 400681]    True    [0, 1]
[33811, 135241]    True    [1, 1]
[33997, 67993]    True    [2, 1]
[34651, 110251]    True    [1, 1]
[34673, 72497]    True    [3, 4]
[34687, 173431]    True    [0, 1]
[34729, 69457]    True    [2, 2]
[35311, 192601]    True    [0, 1]
[35731, 92899]    True    [1, 1]
[36191, 86857]    True    [0, 0]
[36241, 72481]    True    [3, 3]
[36373, 218233]    True    [2, 0]
[36877, 110629]    True    [2, 0]
[37159, 50671]    True    [0, 1]
[37159, 148633]    True    [0, 1]
[37571, 72251]    True    [1, 0]
[37963, 151849]    True    [1, 1]
[38053, 253681]    True    [2, 0]
[38371, 1227841]    True    [1, 1]
[38371, 3107971]    True    [1, 1]
[38677, 70321]    True    [2, 1]
[38791, 142231]    True    [0, 1]
[39019, 105907]    True    [1, 1]
[39293, 49633]    True    [2, 2]
[40627, 325009]    True    [1, 1]
[41143, 164569]    True    [0, 1]
[41863, 209311]    True    [0, 1]
[41941, 125821]    True    [2, 0]
[42373, 169489]    True    [2, 1]
[42703, 170809]    True    [0, 1]
[42967, 114577]    True    [0, 1]
[43651, 392851]    True    [1, 1]
[45061, 90121]    True    [2, 1]
[45307, 226531]    True    [1, 1]
[45497, 318473]    True    [2, 3]
[45533, 273193]    True    [2, 2]
[46327, 3011191]    True    [0, 1]
[46819, 187273]    True    [1, 1]
[47251, 110251]    True    [1, 1]
[49171, 245851]    True    [1, 1]
[49207, 393649]    True    [0, 1]
[49409, 592897]    True    [6, 8]
[49603, 1636867]    True    [1, 1]
[50221, 5005261]    True    [2, 1]
[50497, 353473]    True    [4, 5]
[51859, 207433]    True    [1, 1]
[52051, 624601]    True    [1, 1]
[52501, 420001]    True    [2, 0]
[52711, 474391]    True    [0, 1]
[52861, 158581]    True    [2, 0]
[52903, 70537]    True    [0, 1]
[52957, 105913]    True    [2, 0]
[53299, 213193]    True    [1, 1]
[53507, 1979723]    True    [1, 0]
[53549, 321289]    True    [2, 2]
[53773, 699037]    True    [2, 1]
[53791, 215161]    True    [0, 1]
[54101, 64921]    True    [2, 2]
[54139, 216553]    True    [1, 1]
[54751, 219001]    True    [0, 1]
[54767, 657193]    True    [0, 0]
[54941, 4010621]    True    [2, 2]
[55901, 2403701]    True    [2, 2]
[56009, 672097]    True    [2, 3]
[56041, 84061]    True    [2, 0]
[56197, 393373]    True    [2, 1]
[56477, 1016569]    True    [2, 2]
[57571, 287851]    True    [1, 1]
[57793, 231169]    True    [4, 5]
[57991, 231961]    True    [0, 1]
[58189, 407317]    True    [2, 0]
[58237, 1455901]    True    [2, 1]
[58937, 766169]    True    [2, 3]
[58963, 471697]    True    [1, 1]
[59119, 295591]    True    [0, 1]
[59621, 97561]    True    [2, 2]
[60427, 483409]    True    [1, 1]
[60607, 80809]    True    [0, 1]
[60943, 696481]    True    [0, 1]
[61223, 104953]    True    [0, 0]
[61381, 102301]    True    [2, 0]
[61471, 245881]    True    [0, 1]
[61751, 802751]    True    [0, 0]
[62743, 313711]    True    [0, 1]
[62921, 91961]    True    [2, 3]
[62981, 75577]    True    [2, 2]
[63079, 252313]    True    [0, 1]
[63541, 254161]    True    [2, 1]
[64451, 154681]    True    [1, 0]
[64693, 86257]    True    [2, 1]
[64891, 160681]    True    [1, 1]
[65323, 1807243]    True    [1, 1]
[65381, 457661]    True    [2, 2]
[66301, 79561]    True    [2, 1]
[66629, 399769]    True    [2, 2]
[67933, 271729]    True    [2, 1]
[68611, 274441]    True    [1, 1]
[69067, 253243]    True    [1, 1]
[69557, 417337]    True    [2, 2]
[69931, 186481]    True    [1, 1]
[70141, 140281]    True    [2, 0]
[70309, 703081]    True    [2, 1]
[70321, 210961]    True    [2, 1]
[70621, 141241]    True    [2, 0]
[70957, 1064341]    True    [2, 0]
[71011, 3763531]    True    [1, 1]
[71419, 285673]    True    [1, 1]
[72091, 264331]    True    [1, 1]
[72109, 360541]    True    [2, 1]
[72227, 247633]    True    [1, 0]
[72461, 434761]    True    [2, 2]
[72551, 174121]    True    [0, 0]
[72859, 655723]    True    [1, 1]
[72997, 218989]    True    [2, 1]
[73291, 1832251]    True    [1, 1]
[73693, 98257]    True    [2, 0]
[74047, 3850393]    True    [0, 1]
[74413, 372061]    True    [2, 1]
[75403, 603217]    True    [1, 1]
[75659, 191137]    True    [1, 0]
[76213, 381061]    True    [2, 0]
[76333, 305329]    True    [2, 0]
[76651, 12034051]    True    [1, 1]
[77243, 1853809]    True    [1, 0]
[77731, 932761]    True    [1, 1]
[78031, 390151]    True    [0, 1]
[78079, 390391]    True    [0, 1]
[78139, 312553]    True    [1, 1]
[78163, 122827]    True    [1, 1]
[78583, 392911]    True    [0, 1]
[78901, 394501]    True    [2, 0]
[79039, 316153]    True    [0, 1]
[79549, 1909153]    True    [2, 1]
[79901, 2956301]    True    [2, 2]
[80147, 87433]    True    [1, 0]
[81421, 244261]    True    [2, 0]
[82837, 220897]    True    [2, 0]
[83077, 415381]    True    [2, 0]
[83701, 5005261]    True    [2, 1]
[83791, 111721]    True    [0, 1]
[84181, 673441]    True    [2, 0]
[84919, 339673]    True    [0, 1]
[84991, 203977]    True    [0, 1]
[85667, 146857]    True    [1, 0]
[85909, 2061793]    True    [2, 0]
[85933, 140617]    True    [2, 0]
[86083, 688657]    True    [1, 1]
[86311, 119191]    True    [0, 1]
[86851, 347401]    True    [1, 1]
[86869, 6862573]    True    [2, 0]
[87133, 1568377]    True    [2, 1]
[87221, 1657181]    True    [2, 2]
[87679, 438391]    True    [0, 1]
[87797, 526777]    True    [2, 2]
[88261, 176521]    True    [2, 0]
[88741, 266221]    True    [2, 0]
[89101, 302941]    True    [2, 0]
[89269, 178537]    True    [2, 1]
[89611, 160681]    True    [1, 1]
[89689, 164429]    True    [2, 2]
[89767, 4039471]    True    [0, 1]
[89959, 1439329]    True    [0, 1]
[89983, 359929]    True    [0, 1]
[90397, 632773]    True    [2, 0]
[90481, 325729]    True    [3, 2]
[90511, 142231]    True    [0, 1]
[91159, 3281689]    True    [0, 1]
[91237, 182473]    True    [2, 1]
[92227, 737809]    True    [1, 1]
[92237, 553417]    True    [2, 2]
[92311, 240007]    True    [0, 1]
[93253, 466261]    True    [2, 0]
[93701, 5715701]    True    [2, 2]
[94291, 471451]    True    [1, 1]
[94447, 755569]    True    [0, 1]
[94951, 126601]    True    [0, 1]
[95083, 760657]    True    [1, 1]
[95989, 671917]    True    [2, 0]
[96749, 1160977]    True    [2, 2]
[97003, 388009]    True    [1, 1]
[97327, 129769]    True    [0, 1]
[97381, 292141]    True    [2, 1]
[97549, 390193]    True    [2, 1]
[97651, 110251]    True    [1, 1]
[98773, 395089]    True    [2, 0]
[98953, 494761]    True    [2, 2]
[99877, 199753]    True    [2, 1]
[100391, 1204681]    True    [0, 0]
[100741, 302221]    True    [2, 0]
[100981, 235621]    True    [2, 1]
[101173, 3844537]    True    [2, 1]
[101701, 305101]    True    [2, 0]
[102181, 204361]    True    [2, 1]
[102763, 274033]    True    [1, 1]
[102829, 205657]    True    [2, 1]
[103141, 206281]    True    [2, 0]
[103669, 518341]    True    [2, 0]
[103687, 518431]    True    [0, 1]
[103981, 623881]    True    [2, 0]
[104681, 251233]    True    [2, 3]
[104761, 145501]    True    [2, 0]
[105319, 421273]    True    [0, 1]
[105529, 263821]    True    [2, 1]
[105701, 181201]    True    [2, 2]
[105751, 423001]    True    [0, 1]
[107033, 2033609]    True    [2, 3]
[107713, 359041]    True    [5, 5]
[107741, 129289]    True    [2, 2]
[108421, 216841]    True    [2, 0]
[108457, 379597]    True    [2, 0]
[108533, 651193]    True    [2, 2]
[108631, 260713]    True    [0, 1]
[109567, 876529]    True    [0, 1]
[109789, 219577]    True    [2, 0]
[110437, 220873]    True    [2, 0]
[111253, 333757]    True    [2, 0]
[112069, 1008613]    True    [2, 1]
[112621, 225241]    True    [2, 1]
[112939, 451753]    True    [1, 1]
[113437, 189061]    True    [2, 0]
[113749, 227497]    True    [2, 1]
[114157, 253681]    True    [2, 0]
[114643, 152857]    True    [1, 1]
[114973, 344917]    True    [2, 0]
[115429, 1731421]    True    [2, 0]
[115831, 270271]    True    [0, 1]
[116131, 647011]    True    [1, 1]
[116257, 232513]    True    [4, 4]
[116731, 583651]    True    [1, 1]
[116791, 280297]    True    [0, 1]
[116929, 467713]    True    [5, 5]
[117281, 1524641]    True    [4, 5]
[117721, 235441]    True    [0, 2]
[117973, 353917]    True    [2, 1]
[118453, 592261]    True    [2, 1]
[118543, 474169]    True    [0, 1]
[118861, 2020621]    True    [2, 0]
[119101, 238201]    True    [2, 1]
[120103, 480409]    True    [0, 1]
[120511, 2048671]    True    [0, 1]
[120661, 241321]    True    [2, 1]
[121189, 242377]    True    [2, 1]
[121309, 242617]    True    [2, 1]
[121421, 457661]    True    [2, 2]
[122053, 488209]    True    [2, 0]
[122173, 366517]    True    [2, 1]
[122251, 1956001]    True    [1, 1]
[122449, 489793]    True    [3, 3]
[122557, 980449]    True    [2, 1]
[123701, 742201]    True    [2, 2]
[123997, 247993]    True    [2, 1]
[124951, 199921]    True    [0, 1]
[125053, 375157]    True    [2, 1]
[125053, 1125469]    True    [2, 1]
[125101, 208501]    True    [2, 0]
[125141, 150169]    True    [2, 2]
[125221, 1377421]    True    [2, 1]
[125407, 961447]    True    [0, 1]
[126547, 1012369]    True    [1, 1]
[126691, 160681]    True    [1, 1]
[126733, 506929]    True    [2, 1]
[127453, 382357]    True    [2, 0]
[127609, 1531297]    True    [2, 1]
[127849, 767089]    True    [2, 2]
[128021, 588893]    True    [2, 2]
[128311, 641551]    True    [0, 1]
[128941, 202621]    True    [2, 1]
[128971, 816811]    True    [1, 1]
[129277, 2197693]    True    [2, 1]
[129763, 264331]    True    [1, 1]
[129841, 259681]    True    [2, 3]
[130069, 260137]    True    [2, 0]
[130201, 316201]    True    [1, 2]
[131059, 305803]    True    [1, 1]
[131477, 920333]    True    [2, 2]
[132109, 528433]    True    [2, 1]
[132607, 176809]    True    [0, 1]
[133069, 266137]    True    [2, 0]
[133349, 800089]    True    [2, 2]
[133387, 1600633]    True    [1, 1]
[134989, 674941]    True    [2, 1]
[135277, 270553]    True    [2, 1]
[135859, 2173729]    True    [1, 1]
[137191, 548761]    True    [0, 1]
[137251, 402601]    True    [1, 1]
[137251, 549001]    True    [1, 1]
[137383, 1236439]    True    [0, 1]
[137413, 1511533]    True    [2, 1]
[138493, 1107937]    True    [2, 0]
[138569, 969977]    True    [1, 3]
[138727, 184969]    True    [0, 1]
[139457, 976193]    True    [5, 6]
[139591, 697951]    True    [0, 1]
[139987, 186649]    True    [1, 1]
[140191, 560761]    True    [0, 1]
[140269, 280537]    True    [2, 0]
[140617, 281233]    True    [2, 0]
[141613, 708061]    True    [2, 1]
[141941, 312269]    True    [2, 2]
[142963, 1143697]    True    [1, 1]
[144031, 720151]    True    [0, 1]
[144667, 192889]    True    [1, 1]
[145771, 262387]    True    [1, 1]
[145861, 291721]    True    [2, 1]
[145963, 1167697]    True    [1, 1]
[146173, 438517]    True    [2, 0]
[146203, 584809]    True    [1, 1]
[146581, 1026061]    True    [2, 0]
[146701, 440101]    True    [2, 0]
[146801, 176161]    True    [3, 4]
[147517, 295033]    True    [2, 1]
[147541, 295081]    True    [2, 1]
[147673, 221509]    True    [2, 1]
[148201, 333451]    True    [1, 1]
[148609, 1139329]    True    [6, 6]
[148627, 743131]    True    [1, 1]
[148723, 594889]    True    [1, 1]
[148747, 743731]    True    [1, 1]
[148873, 260527]    True    [0, 1]
[148957, 3277033]    True    [2, 0]
[149027, 1937339]    True    [1, 0]
[149143, 596569]    True    [0, 1]
[149309, 1791697]    True    [2, 2]
[149491, 747451]    True    [1, 1]
[149893, 449677]    True    [2, 0]
[150151, 218401]    True    [0, 1]
[150151, 1458601]    True    [0, 1]
[150559, 602233]    True    [0, 1]
[150961, 905761]    True    [3, 3]
[152419, 1807243]    True    [1, 1]
[152563, 1220497]    True    [1, 1]
[153499, 613993]    True    [1, 1]
[153941, 923641]    True    [2, 2]
[154933, 774661]    True    [2, 0]
[154937, 1084553]    True    [1, 3]
[155717, 1090013]    True    [2, 2]
[156157, 936937]    True    [2, 1]
[156841, 470521]    True    [2, 1]
[157561, 551461]    True    [2, 0]
[158201, 1107401]    True    [2, 3]
[158209, 184577]    True    [7, 8]
[158269, 4906309]    True    [2, 0]
[159469, 637873]    True    [2, 1]
[160159, 1441423]    True    [0, 1]
[160981, 482941]    True    [2, 1]
[161461, 322921]    True    [2, 0]
[162221, 973321]    True    [2, 2]
[162277, 2920969]    True    [2, 1]
[162691, 520609]    True    [1, 1]
[162823, 651289]    True    [0, 1]
[163171, 186481]    True    [1, 1]
[163243, 652969]    True    [1, 1]
[163853, 983113]    True    [2, 2]
[163861, 327721]    True    [2, 1]
[164893, 253681]    True    [2, 0]
[165079, 1485703]    True    [0, 1]
[165317, 1157213]    True    [2, 2]
[165397, 330793]    True    [2, 1]
[166081, 415201]    True    [4, 4]
[166669, 333337]    True    [2, 0]
[166781, 366917]    True    [2, 2]
[166949, 1168637]    True    [2, 2]
[167077, 2171989]    True    [2, 1]
[167149, 334297]    True    [2, 1]
[167197, 334393]    True    [2, 1]
[167311, 270271]    True    [0, 1]
[168109, 3194053]    True    [2, 0]
[168211, 264331]    True    [1, 1]
[168281, 288481]    True    [1, 3]
[168781, 843901]    True    [2, 0]
[169003, 676009]    True    [1, 1]
[169369, 2032417]    True    [2, 2]
[169501, 305101]    True    [2, 0]
[170371, 681481]    True    [1, 1]
[170389, 340777]    True    [2, 0]
[172243, 688969]    True    [1, 1]
[172279, 689113]    True    [0, 1]
[172351, 2068201]    True    [0, 1]
[173851, 402601]    True    [1, 1]
[174143, 2263847]    True    [0, 0]
[174157, 522469]    True    [2, 1]
[174859, 1573723]    True    [1, 1]
[174929, 1049569]    True    [3, 4]
[175447, 331399]    True    [0, 1]
[175663, 1580959]    True    [0, 1]
[175781, 1230461]    True    [2, 2]
[176041, 440101]    True    [2, 0]
[176161, 281857]    True    [3, 4]
[176317, 352633]    True    [2, 0]
[176419, 2999107]    True    [1, 1]
[176551, 192601]    True    [0, 1]
[176983, 707929]    True    [0, 1]
[177019, 885091]    True    [1, 1]
[177889, 355777]    True    [4, 4]
[178069, 2136817]    True    [2, 1]
[178951, 715801]    True    [0, 1]
[179213, 391009]    True    [2, 2]
[179807, 2337479]    True    [0, 0]
[179833, 899161]    True    [2, 0]
[179899, 4317553]    True    [1, 1]
[179947, 239929]    True    [1, 1]
[181459, 423403]    True    [1, 1]
[182131, 2367691]    True    [1, 1]
[182341, 668581]    True    [2, 1]
[182899, 914491]    True    [1, 1]
[182957, 1280693]    True    [2, 2]
[183037, 915181]    True    [2, 1]
[183301, 606301]    True    [2, 1]
[183349, 366697]    True    [2, 0]
[183487, 1467889]    True    [0, 1]
[183661, 367321]    True    [2, 1]
[183943, 245257]    True    [0, 1]
[183973, 551917]    True    [2, 1]
[184111, 736441]    True    [0, 1]
[184351, 921751]    True    [0, 1]
[184879, 739513]    True    [0, 1]
[184997, 1294973]    True    [2, 2]
[185491, 2411371]    True    [1, 1]
[186157, 372313]    True    [2, 0]
[186187, 930931]    True    [1, 1]
[186343, 745369]    True    [0, 1]
[186733, 809173]    True    [2, 0]
[186877, 373753]    True    [2, 0]
[187181, 224617]    True    [2, 2]
[187637, 1313453]    True    [2, 2]
[188021, 639269]    True    [2, 2]
[188189, 2419561]    True    [2, 2]
[188197, 376393]    True    [2, 1]
[188317, 376633]    True    [2, 1]
[188491, 4712251]    True    [1, 1]
[188677, 377353]    True    [2, 1]
[188719, 3774361]    True    [0, 1]
[189061, 1422061]    True    [2, 0]
[189067, 945331]    True    [1, 1]
[189391, 192601]    True    [0, 1]
[190261, 253681]    True    [2, 0]
[190357, 380713]    True    [2, 1]
[190699, 3241867]    True    [1, 1]
[191143, 254857]    True    [0, 1]
[191413, 1531297]    True    [2, 1]
[191507, 2298073]    True    [1, 0]
[191551, 651271]    True    [0, 1]
[191677, 1150057]    True    [2, 1]
[192229, 2114509]    True    [2, 1]
[192347, 659473]    True    [1, 0]
[192373, 1154233]    True    [2, 1]
[192637, 963181]    True    [2, 0]
[194027, 332617]    True    [1, 0]
[194101, 659941]    True    [2, 0]
[194659, 778633]    True    [1, 1]
[194659, 1751923]    True    [1, 1]
[195103, 1560817]    True    [0, 1]
[195157, 260209]    True    [2, 0]
[195161, 206641]    True    [2, 3]
[195581, 430277]    True    [2, 2]
[195869, 4700833]    True    [2, 2]
[196003, 1241347]    True    [1, 1]
[196043, 247633]    True    [1, 0]
[196117, 392233]    True    [2, 1]
[196291, 981451]    True    [1, 1]
[196901, 1378301]    True    [2, 2]
[197117, 1182697]    True    [2, 2]
[197293, 789169]    True    [2, 0]
[197347, 3157537]    True    [1, 1]
[197371, 986851]    True    [1, 1]
[197381, 710569]    True    [2, 2]
[197551, 263401]    True    [0, 1]
[198281, 1387961]    True    [1, 3]
[199501, 598501]    True    [2, 1]
[199621, 399241]    True    [2, 0]
[199741, 399481]    True    [2, 1]
[199999, 799993]    True    [0, 1]
[200597, 3610729]    True    [2, 2]
[201493, 335821]    True    [2, 0]
[202061, 1212361]    True    [2, 2]
[202087, 1010431]    True    [0, 1]
[202201, 465061]    True    [2, 1]
[202621, 607861]    True    [2, 1]
[202973, 1217833]    True    [2, 2]
[203383, 271177]    True    [0, 1]
[203461, 1057993]    True    [2, 1]
[203659, 3462187]    True    [1, 1]
[203989, 407977]    True    [2, 1]
[204427, 4088521]    True    [1, 1]
[204751, 218401]    True    [0, 1]
[205171, 2462041]    True    [1, 1]
[205267, 1026331]    True    [1, 1]
[205417, 958609]    True    [2, 1]
[206551, 826201]    True    [0, 1]
[206887, 4344607]    True    [0, 1]
[207013, 541417]    True    [2, 0]
[207307, 1036531]    True    [1, 1]
[208003, 1664017]    True    [1, 1]
[208837, 1044181]    True    [2, 1]
[208843, 835369]    True    [1, 1]
[208961, 1253761]    True    [5, 6]
[209221, 836881]    True    [2, 1]
[209659, 838633]    True    [1, 1]
[209959, 359929]    True    [0, 1]
[209983, 1679857]    True    [0, 1]
[210127, 1050631]    True    [0, 1]
[210157, 420313]    True    [2, 1]
[210907, 1054531]    True    [1, 1]
[211177, 422353]    True    [2, 2]
[211231, 337969]    True    [0, 1]
[211349, 1479437]    True    [2, 2]
[211501, 606301]    True    [2, 1]
[211681, 1693441]    True    [4, 4]
[211873, 635617]    True    [4, 4]
[211933, 282577]    True    [2, 0]
[211933, 847729]    True    [2, 0]
[211949, 1483637]    True    [2, 2]
[212437, 637309]    True    [2, 0]
[213067, 264331]    True    [1, 1]
[213349, 426697]    True    [2, 1]
[213407, 2774279]    True    [0, 0]
[213613, 1312189]    True    [2, 1]
[214021, 428041]    True    [2, 0]
[214051, 385291]    True    [1, 1]
[214219, 1927963]    True    [1, 1]
[214381, 285841]    True    [2, 1]
[214483, 857929]    True    [1, 1]
[214663, 337327]    True    [0, 1]
[215827, 2589913]    True    [1, 1]
[216103, 2809327]    True    [0, 1]
[216211, 345937]    True    [1, 1]
[216211, 562147]    True    [1, 1]
[216421, 2380621]    True    [2, 0]
[216451, 865801]    True    [1, 1]
[216649, 1949833]    True    [1, 2]
[217027, 1085131]    True    [1, 1]
[217351, 391231]    True    [0, 1]
[217397, 2826149]    True    [2, 2]
[217687, 1088431]    True    [0, 1]
[218077, 654229]    True    [2, 0]
[219547, 3512737]    True    [1, 1]
[219619, 3733507]    True    [1, 1]
[219871, 3737791]    True    [0, 1]
[219931, 879721]    True    [1, 1]
[221059, 810547]    True    [1, 1]
[221101, 442201]    True    [2, 0]
[221251, 1770001]    True    [1, 1]
[221941, 443881]    True    [2, 0]
[221941, 1331641]    True    [2, 0]
[221941, 1422061]    True    [2, 0]
[223133, 414389]    True    [2, 2]
[224131, 1837867]    True    [1, 1]
[225583, 1127911]    True    [0, 1]
[225619, 1128091]    True    [1, 1]
[225949, 451897]    True    [2, 1]
[226843, 356467]    True    [1, 1]
[226843, 907369]    True    [1, 1]
[227111, 2952431]    True    [0, 0]
[228637, 381061]    True    [2, 0]
[228773, 1372633]    True    [2, 2]
[229213, 687637]    True    [2, 0]
[230101, 2531101]    True    [2, 0]
[230221, 690661]    True    [2, 0]
[231631, 3011191]    True    [0, 1]
[231661, 302941]    True    [2, 0]
[231661, 463321]    True    [2, 0]
[231661, 602317]    True    [2, 0]
[232013, 4176217]    True    [2, 2]
[233941, 367621]    True    [2, 0]
[234613, 391021]    True    [2, 1]
[235369, 268993]    True    [2, 1]
[235813, 707437]    True    [2, 1]
[235951, 1458601]    True    [0, 1]
[236563, 946249]    True    [1, 1]
[236653, 709957]    True    [2, 0]
[237043, 948169]    True    [1, 1]
[237973, 271969]    True    [2, 0]
[237973, 713917]    True    [2, 0]
[238339, 556123]    True    [1, 1]
[238339, 1191691]    True    [1, 1]
[239119, 2152063]    True    [0, 1]
[239201, 662401]    True    [3, 5]
[239461, 718381]    True    [2, 1]
[239779, 274033]    True    [1, 1]
[240197, 1026293]    True    [2, 2]
[240997, 253681]    True    [2, 0]
[241183, 562759]    True    [0, 1]
[241651, 644401]    True    [1, 1]
[241687, 1530679]    True    [0, 1]
[242173, 380557]    True    [2, 0]
[242591, 2911081]    True    [0, 0]
[243533, 1461193]    True    [2, 2]
[243589, 487177]    True    [2, 1]
[244471, 977881]    True    [0, 1]
[244567, 1222831]    True    [0, 1]
[244759, 296287]    True    [0, 1]
[244957, 489913]    True    [2, 1]
[245107, 264331]    True    [1, 1]
[245173, 980689]    True    [2, 1]
[246661, 295993]    True    [2, 0]
[246907, 1975249]    True    [1, 1]
[247339, 989353]    True    [1, 1]
[247771, 908491]    True    [1, 1]
[248071, 992281]    True    [0, 1]
[248203, 992809]    True    [1, 1]
[248299, 385291]    True    [1, 1]
[248851, 647011]    True    [1, 1]
[248971, 995881]    True    [1, 1]
[250441, 751321]    True    [2, 2]
[250963, 3262507]    True    [1, 1]
[251221, 502441]    True    [2, 0]
[252037, 504073]    True    [2, 0]
[252457, 441799]    True    [0, 1]
[252869, 1517209]    True    [2, 2]
[253423, 331399]    True    [0, 1]
[253609, 507217]    True    [2, 2]
[254197, 508393]    True    [2, 1]
[254713, 382069]    True    [2, 0]
[254773, 2292949]    True    [2, 1]
[255043, 340057]    True    [1, 1]
[255511, 2640271]    True    [0, 1]
[255763, 1278811]    True    [1, 1]
[256133, 1536793]    True    [2, 2]
[256873, 2311849]    True    [1, 2]
[257381, 308857]    True    [2, 2]
[257539, 1287691]    True    [1, 1]
[257791, 3509911]    True    [0, 1]
[259867, 2078929]    True    [1, 1]
[259949, 1559689]    True    [2, 2]
[260011, 329347]    True    [1, 1]
[260983, 1043929]    True    [0, 1]
[261389, 1829717]    True    [2, 2]
[261619, 1308091]    True    [1, 1]
[261739, 1308691]    True    [1, 1]
[262459, 1049833]    True    [1, 1]
[262543, 1050169]    True    [0, 1]
[264637, 529273]    True    [2, 0]
[266269, 1065073]    True    [2, 0]
[266549, 1865837]    True    [2, 2]
[266899, 1067593]    True    [1, 1]
[267277, 534553]    True    [2, 1]
[267301, 302941]    True    [2, 0]
[269281, 2154241]    True    [4, 3]
[269623, 1078489]    True    [0, 1]
[269701, 809101]    True    [2, 1]
[269791, 1348951]    True    [0, 1]
[269887, 696481]    True    [0, 1]
[270271, 565111]    True    [0, 1]
[270463, 1352311]    True    [0, 1]
[271261, 325513]    True    [2, 0]
[271261, 1422061]    True    [2, 0]
[271273, 2441449]    True    [0, 1]
[271471, 1357351]    True    [0, 1]
[271927, 362569]    True    [0, 1]
[271927, 2084767]    True    [0, 1]
[272537, 1635217]    True    [2, 3]
[272539, 1090153]    True    [1, 1]
[272581, 545161]    True    [2, 0]
[272659, 2453923]    True    [1, 1]
[272719, 727249]    True    [0, 1]
[273061, 327673]    True    [2, 0]
[273613, 1094449]    True    [2, 0]
[274693, 824077]    True    [2, 1]
[274909, 3023989]    True    [2, 1]
[276187, 1380931]    True    [1, 1]
[276821, 3321841]    True    [2, 2]
[277309, 462181]    True    [2, 0]
[277897, 833689]    True    [2, 2]
[279413, 1676473]    True    [2, 2]
[279481, 1422061]    True    [2, 0]
[279991, 404431]    True    [0, 1]
[280933, 1123729]    True    [2, 1]
[281053, 1124209]    True    [2, 0]
[281563, 1407811]    True    [1, 1]
[281641, 1408201]    True    [1, 2]
[281803, 1127209]    True    [1, 1]
[281971, 2255761]    True    [1, 1]
[282349, 1694089]    True    [2, 0]
[283771, 1135081]    True    [1, 1]
[285661, 571321]    True    [2, 0]
[285709, 1428541]    True    [2, 1]
[285773, 1714633]    True    [2, 2]
[286249, 715621]    True    [2, 0]
[286543, 2292337]    True    [0, 1]
[287629, 575257]    True    [2, 1]
[287701, 1422061]    True    [2, 0]
[288247, 2305969]    True    [0, 1]
[288733, 866197]    True    [2, 0]
[288989, 1733929]    True    [2, 2]
[289717, 579433]    True    [2, 1]
[290119, 1160473]    True    [0, 1]
[290791, 387721]    True    [0, 1]
[291217, 582433]    True    [3, 3]
[292441, 438661]    True    [2, 0]
[292441, 1900861]    True    [2, 0]
[293221, 488701]    True    [2, 0]
[293677, 881029]    True    [2, 1]
[293749, 1468741]    True    [2, 0]
[293863, 1469311]    True    [0, 1]
[295831, 1084711]    True    [0, 1]
[295861, 1479301]    True    [2, 0]
[297151, 1188601]    True    [0, 1]
[297151, 2377201]    True    [0, 1]
[297397, 594793]    True    [2, 0]
[297841, 893521]    True    [3, 0]
[297853, 1191409]    True    [2, 0]
[298819, 796849]    True    [1, 1]
[299287, 1496431]    True    [0, 1]
[300149, 1800889]    True    [2, 2]
[300187, 2801737]    True    [1, 1]
[300511, 400681]    True    [0, 1]
[300581, 352109]    True    [2, 2]
[300931, 816811]    True    [1, 1]
[301039, 1204153]    True    [0, 1]
[301141, 1204561]    True    [2, 1]
[301459, 1507291]    True    [1, 1]
[303013, 909037]    True    [2, 0]
[305741, 1039517]    True    [2, 2]
[305749, 611497]    True    [2, 0]
[305821, 611641]    True    [2, 0]
[306589, 613177]    True    [2, 1]
[306703, 715639]    True    [0, 1]
[309637, 619273]    True    [2, 1]
[310087, 841663]    True    [0, 1]
[310663, 451873]    True    [0, 1]
[310861, 518101]    True    [2, 0]
[311653, 3116521]    True    [2, 1]
[311821, 2806381]    True    [2, 1]
[312401, 340801]    True    [3, 4]
[313381, 626761]    True    [2, 1]
[313853, 1883113]    True    [2, 2]
[314107, 1570531]    True    [1, 1]
[314779, 1259113]    True    [1, 1]
[315193, 1260769]    True    [2, 2]
[315883, 421177]    True    [1, 1]
[317887, 1589431]    True    [0, 1]
[318103, 1272409]    True    [0, 1]
[318589, 1274353]    True    [2, 1]
[319411, 511057]    True    [1, 1]
[320431, 1602151]    True    [0, 1]
[321397, 1606981]    True    [2, 1]
[321721, 1194961]    True    [2, 2]
[321751, 1458601]    True    [0, 1]
[321817, 643633]    True    [2, 1]
[321829, 1930969]    True    [2, 1]
[322351, 921001]    True    [0, 1]
[323581, 647161]    True    [2, 1]
[324301, 606301]    True    [2, 1]
[324301, 972901]    True    [2, 1]
[324949, 649897]    True    [2, 1]
[325027, 433369]    True    [1, 1]
[325181, 1495829]    True    [2, 2]
[326611, 1807243]    True    [1, 1]
[328051, 437401]    True    [1, 1]
[328543, 1314169]    True    [0, 1]
[329053, 1316209]    True    [2, 1]
[329317, 658633]    True    [2, 0]
[329419, 768643]    True    [1, 1]
[330019, 1650091]    True    [1, 1]
[330331, 519091]    True    [1, 1]
[330661, 661321]    True    [2, 1]
[331579, 1326313]    True    [1, 1]
[331663, 1658311]    True    [0, 1]
[332743, 2661937]    True    [0, 1]
[333187, 1665931]    True    [1, 1]
[335161, 670321]    True    [2, 2]
[336151, 784351]    True    [0, 1]
[337021, 1422061]    True    [2, 0]
[338161, 422701]    True    [2, 1]
[338321, 2029921]    True    [3, 4]
[340237, 1701181]    True    [2, 0]
[340429, 1361713]    True    [2, 0]
[340999, 1704991]    True    [0, 1]
[342061, 684121]    True    [2, 1]
[342469, 570781]    True    [2, 1]
[342481, 684961]    True    [0, 3]
[343531, 2748241]    True    [1, 1]
[343771, 825049]    True    [1, 1]
[344021, 2064121]    True    [2, 2]
[344611, 541531]    True    [1, 1]
[344719, 1002817]    True    [0, 1]
[344791, 651271]    True    [0, 1]
[344821, 689641]    True    [2, 1]
[345581, 457661]    True    [2, 2]
[345769, 2074609]    True    [2, 0]
[345937, 562147]    True    [1, 1]
[346261, 761773]    True    [2, 1]
[346361, 2078161]    True    [1, 3]
[346453, 1385809]    True    [2, 0]
[347059, 1735291]    True    [1, 1]
[347173, 1041517]    True    [2, 0]
[347779, 1391113]    True    [1, 1]
[348259, 1741291]    True    [1, 1]
[349051, 644401]    True    [1, 1]
[349121, 2443841]    True    [4, 6]
[349357, 698713]    True    [2, 0]
[349381, 659941]    True    [2, 0]
[349493, 2419561]    True    [2, 2]
[349579, 932209]    True    [1, 1]
[349819, 1149403]    True    [1, 1]
[350431, 1401721]    True    [0, 1]
[351401, 2459801]    True    [1, 3]
[352381, 704761]    True    [2, 0]
[352837, 588061]    True    [2, 1]
[353611, 471481]    True    [1, 1]
[353629, 1414513]    True    [2, 1]
[354259, 826603]    True    [1, 1]
[354469, 708937]    True    [2, 0]
[355321, 532981]    True    [2, 0]
[355321, 710641]    True    [2, 0]
[355363, 1421449]    True    [1, 1]
[355909, 711817]    True    [2, 1]
[356023, 1265857]    True    [0, 1]
[356563, 475417]    True    [1, 1]
[356749, 713497]    True    [2, 0]
[356869, 832693]    True    [2, 1]
[357211, 833491]    True    [1, 1]
[358723, 1020979]    True    [1, 1]
[358909, 717817]    True    [2, 0]
[360071, 864169]    True    [0, 0]
[360781, 721561]    True    [2, 1]
[361351, 481801]    True    [0, 1]
[362143, 1415647]    True    [0, 1]
[362569, 2084767]    True    [0, 1]
[362629, 2175769]    True    [2, 0]
[363757, 1091269]    True    [2, 0]
[364141, 728281]    True    [2, 0]
[364291, 655723]    True    [1, 1]
[364333, 1092997]    True    [2, 0]
[364691, 1750513]    True    [1, 0]
[365839, 1463353]    True    [0, 1]
[367027, 1835131]    True    [1, 1]
[367189, 1835941]    True    [2, 0]
[367501, 420001]    True    [2, 0]
[367687, 1960993]    True    [0, 1]
[368551, 565111]    True    [0, 1]
[368773, 1106317]    True    [2, 1]
[370147, 2326633]    True    [1, 1]
[370891, 494521]    True    [1, 1]
[371029, 742057]    True    [2, 0]
[371213, 1026293]    True    [2, 2]
[372367, 1861831]    True    [0, 1]
[372377, 2606633]    True    [2, 3]
[372979, 1491913]    True    [1, 1]
[374203, 498937]    True    [1, 1]
[374359, 696481]    True    [0, 1]
[375157, 750313]    True    [2, 1]
[375157, 1125469]    True    [2, 1]
[375481, 1126441]    True    [2, 2]
[376171, 1504681]    True    [1, 1]
[376417, 752833]    True    [4, 3]
[376501, 753001]    True    [2, 1]
[377011, 603217]    True    [1, 1]
[377059, 1885291]    True    [1, 1]
[377263, 503017]    True    [0, 1]
[379177, 1706293]    True    [2, 1]
[379597, 759193]    True    [2, 0]
[379877, 2279257]    True    [2, 2]
[380269, 760537]    True    [2, 1]
[380797, 1142389]    True    [2, 1]
[380881, 1523521]    True    [3, 3]
[381949, 1909741]    True    [2, 1]
[382021, 764041]    True    [2, 1]
[383417, 2300497]    True    [1, 3]
[383839, 1535353]    True    [0, 1]
[383869, 1919341]    True    [2, 1]
[384253, 1152757]    True    [2, 1]
[386977, 773953]    True    [4, 4]
[388057, 1358197]    True    [2, 0]
[388351, 1553401]    True    [0, 1]
[388621, 777241]    True    [2, 1]
[388651, 932761]    True    [1, 1]
[388693, 1036513]    True    [2, 0]
[388891, 518521]    True    [1, 1]
[389287, 1254367]    True    [0, 1]
[389381, 2336281]    True    [2, 2]
[389437, 778873]    True    [2, 1]
[389513, 2337073]    True    [2, 3]
[389797, 779593]    True    [2, 0]
[390493, 1171477]    True    [2, 1]
[390751, 937801]    True    [0, 1]
[391301, 2403701]    True    [2, 2]
[391399, 1956991]    True    [0, 1]
[391537, 1305121]    True    [3, 2]
[391693, 1175077]    True    [2, 0]
[392281, 784561]    True    [2, 1]
[393247, 1123561]    True    [0, 1]
[393451, 402601]    True    [1, 1]
[393517, 1180549]    True    [2, 0]
[393901, 551461]    True    [2, 0]
[393997, 787993]    True    [2, 1]
[394291, 1971451]    True    [1, 1]
[394549, 1578193]    True    [2, 0]
[394549, 1972741]    True    [2, 0]
[394981, 789961]    True    [2, 1]
[395377, 790753]    True    [3, 3]
[395449, 790897]    True    [2, 2]
[395851, 1979251]    True    [1, 1]
[396709, 1312189]    True    [2, 1]
[397643, 681673]    True    [1, 0]
[399493, 1597969]    True    [2, 1]
[400051, 448057]    True    [1, 1]
[400249, 466957]    True    [2, 1]
[400927, 2004631]    True    [0, 1]
[401101, 1776301]    True    [2, 1]
[401551, 1606201]    True    [0, 1]
[401809, 1607233]    True    [1, 3]
[402859, 1611433]    True    [1, 1]
[403001, 2418001]    True    [1, 3]
[403549, 807097]    True    [2, 1]
[404713, 910603]    True    [1, 1]
[405917, 534101]    True    [2, 2]
[406117, 812233]    True    [2, 1]
[406183, 1624729]    True    [0, 1]
[407437, 814873]    True    [2, 1]
[409477, 1228429]    True    [2, 0]
[409693, 1229077]    True    [2, 1]
[409753, 1229257]    True    [2, 0]
[411157, 822313]    True    [2, 1]
[412651, 2063251]    True    [1, 1]
[413551, 1654201]    True    [0, 1]
[414763, 2073811]    True    [1, 1]
[415111, 2075551]    True    [0, 1]
[416839, 1667353]    True    [0, 1]
[417097, 903709]    True    [2, 1]
[418069, 836137]    True    [2, 0]
[418303, 1673209]    True    [0, 1]
[418867, 2094331]    True    [1, 1]
[419893, 1259677]    True    [2, 1]
[420781, 2103901]    True    [2, 1]
[421471, 983431]    True    [0, 1]
[422077, 993121]    True    [2, 0]
[422083, 1688329]    True    [1, 1]
[422551, 563401]    True    [0, 1]
[423109, 1128289]    True    [2, 0]
[423481, 1270441]    True    [2, 2]
[425779, 2128891]    True    [1, 1]
[425791, 615031]    True    [0, 1]
[425959, 2129791]    True    [0, 1]
[426229, 852457]    True    [2, 1]
[426229, 2131141]    True    [2, 1]
[426253, 1705009]    True    [2, 0]
[426763, 2133811]    True    [1, 1]
[426871, 569161]    True    [0, 1]
[427213, 712021]    True    [2, 1]
[428143, 1712569]    True    [0, 1]
[430093, 1003549]    True    [2, 1]
[430411, 688657]    True    [1, 1]
[430663, 1722649]    True    [0, 1]
[430873, 646309]    True    [2, 1]
[431617, 755329]    True    [5, 4]
[431797, 863593]    True    [2, 1]
[432007, 2160031]    True    [0, 1]
[432587, 1174163]    True    [1, 0]
[433549, 2167741]    True    [2, 1]
[434237, 710569]    True    [2, 2]
[434461, 1216489]    True    [2, 1]
[434719, 1738873]    True    [0, 1]
[434923, 2174611]    True    [1, 1]
[435661, 1568377]    True    [2, 1]
[436591, 595351]    True    [0, 1]
[436651, 1746601]    True    [1, 1]
[438637, 2193181]    True    [2, 1]
[438661, 1900861]    True    [2, 0]
[439273, 805333]    True    [2, 1]
[439639, 1758553]    True    [0, 1]
[439639, 2198191]    True    [0, 1]
[440047, 977881]    True    [0, 1]
[440821, 881641]    True    [2, 0]
[440983, 1763929]    True    [0, 1]
[441029, 1890121]    True    [2, 2]
[442963, 681481]    True    [1, 1]
[443389, 886777]    True    [2, 0]
[443851, 2219251]    True    [1, 1]
[443881, 1331641]    True    [2, 0]
[443881, 1422061]    True    [2, 0]
[444007, 696481]    True    [0, 1]
[444883, 1779529]    True    [1, 1]
[447019, 550177]    True    [1, 1]
[447823, 1791289]    True    [0, 1]
[447901, 895801]    True    [2, 0]
[448867, 598489]    True    [1, 1]
[451069, 902137]    True    [2, 1]
[451783, 602377]    True    [0, 1]
[453559, 1814233]    True    [0, 1]
[454141, 1362421]    True    [2, 1]
[454213, 1816849]    True    [2, 0]
[455827, 1562833]    True    [1, 1]
[456451, 644401]    True    [1, 1]
[456581, 1004477]    True    [2, 2]
[457339, 1241347]    True    [1, 1]
[459397, 918793]    True    [2, 0]
[459397, 1378189]    True    [2, 0]
[460297, 1380889]    True    [2, 2]
[460387, 613849]    True    [1, 1]
[461443, 1845769]    True    [1, 1]
[461983, 1847929]    True    [0, 1]
[462421, 1387261]    True    [2, 0]
[463303, 1853209]    True    [0, 1]
[463321, 602317]    True    [2, 0]
[463781, 556537]    True    [2, 2]
[465277, 1395829]    True    [2, 0]
[465721, 1397161]    True    [2, 2]
[466777, 933553]    True    [2, 2]
[467083, 533809]    True    [1, 1]
[467869, 1871473]    True    [2, 0]
[468151, 1123561]    True    [0, 1]
[468199, 1092463]    True    [0, 1]
[468451, 624601]    True    [1, 1]
[469099, 1020979]    True    [1, 1]
[470149, 940297]    True    [2, 1]
[470539, 1097923]    True    [1, 1]
[471439, 1100023]    True    [0, 1]
[473479, 846217]    True    [0, 1]
[478339, 1640017]    True    [1, 1]
[478831, 696481]    True    [0, 1]
[479239, 1916953]    True    [0, 1]
[479953, 799921]    True    [3, 3]
[480517, 961033]    True    [2, 1]
[481021, 962041]    True    [2, 1]
[482101, 1446301]    True    [2, 0]
[483229, 805381]    True    [2, 1]
[484459, 1937833]    True    [1, 1]
[485941, 1457821]    True    [2, 1]
[487261, 812101]    True    [2, 0]
[487387, 649849]    True    [1, 1]
[488797, 1466389]    True    [2, 0]
[489439, 1305169]    True    [0, 1]
[491503, 1966009]    True    [0, 1]
[491899, 1967593]    True    [1, 1]
[493093, 1479277]    True    [2, 1]
[493351, 1458601]    True    [0, 1]
[493621, 1480861]    True    [2, 1]
[495041, 1272961]    True    [5, 6]
[495301, 1981201]    True    [2, 0]
[495421, 990841]    True    [2, 1]
[495559, 1156303]    True    [0, 1]
[495751, 892351]    True    [0, 1]
[496681, 1291369]    True    [2, 2]
[497869, 995737]    True    [2, 0]
[498013, 1494037]    True    [2, 1]
[498331, 664441]    True    [1, 1]
[499141, 1331041]    True    [2, 0]
[499549, 1427281]    True    [2, 0]
[499717, 999433]    True    [2, 1]
[500167, 666889]    True    [0, 1]
[500831, 1702823]    True    [0, 0]
[501229, 1002457]    True    [2, 1]
[501967, 669289]    True    [0, 1]
[506113, 1518337]    True    [7, 7]
[506551, 921001]    True    [0, 1]
[506983, 579409]    True    [0, 1]
[508213, 1524637]    True    [2, 0]
[509653, 588061]    True    [2, 1]
[510709, 1021417]    True    [2, 0]
[511507, 682009]    True    [1, 1]
[511891, 1228537]    True    [1, 1]
[512443, 683257]    True    [1, 1]
[513157, 1026313]    True    [2, 0]
[514741, 1029481]    True    [2, 1]
[515143, 1201999]    True    [0, 1]
[515701, 1776301]    True    [2, 1]
[515803, 810547]    True    [1, 1]
[516223, 688297]    True    [0, 1]
[516493, 1549477]    True    [2, 1]
[516877, 1550629]    True    [2, 0]
[518311, 1156231]    True    [0, 1]
[518743, 592849]    True    [0, 1]
[519931, 1767763]    True    [1, 1]
[520339, 1115011]    True    [1, 1]
[521491, 1251577]    True    [1, 1]
[521533, 1564597]    True    [2, 1]
[522083, 659473]    True    [1, 0]
[522229, 1044457]    True    [2, 1]
[522661, 1045321]    True    [2, 1]
[522703, 696937]    True    [0, 1]
[524341, 1048681]    True    [2, 0]
[524591, 572281]    True    [0, 0]
[525541, 1051081]    True    [2, 0]
[527381, 632857]    True    [2, 2]
[529981, 1589941]    True    [2, 1]
[531581, 1169477]    True    [2, 2]
[532009, 1064017]    True    [0, 2]
[532709, 581137]    True    [2, 2]
[532981, 710641]    True    [2, 0]
[534367, 712489]    True    [0, 1]
[534637, 1069273]    True    [2, 0]
[534931, 855889]    True    [1, 1]
[536191, 1823047]    True    [0, 1]
[536461, 1609381]    True    [2, 0]
[536563, 715417]    True    [1, 1]
[536671, 1288009]    True    [0, 1]
[536677, 1073353]    True    [2, 1]
[537067, 1432177]    True    [1, 1]
[537241, 1074481]    True    [0, 0]
[537841, 1075681]    True    [0, 3]
[540703, 1261639]    True    [0, 1]
[541381, 1082761]    True    [2, 0]
[541999, 1445329]    True    [0, 1]
[543853, 1631557]    True    [2, 0]
[544897, 1139329]    True    [6, 6]
[547021, 668581]    True    [2, 1]
[547601, 657121]    True    [3, 4]
[547831, 876529]    True    [0, 1]
[550213, 1650637]    True    [2, 1]
[551773, 1655317]    True    [2, 0]
[552397, 1657189]    True    [2, 0]
[552469, 1104937]    True    [2, 1]
[553099, 948169]    True    [1, 1]
[554639, 1505447]    True    [0, 0]
[557861, 669433]    True    [2, 2]
[558997, 1117993]    True    [2, 0]
[562231, 749641]    True    [0, 1]
[563599, 1502929]    True    [0, 1]
[563851, 644401]    True    [1, 1]
[565723, 754297]    True    [1, 1]
[567181, 1422061]    True    [2, 0]
[567871, 1476463]    True    [0, 1]
[568201, 1704601]    True    [2, 2]
[568481, 620161]    True    [4, 5]
[568963, 758617]    True    [1, 1]
[569773, 949621]    True    [2, 1]
[569773, 1709317]    True    [2, 1]
[571369, 857053]    True    [2, 1]
[571699, 1333963]    True    [1, 1]
[571717, 1143433]    True    [2, 1]
[572329, 1144657]    True    [1, 1]
[573511, 1228951]    True    [0, 1]
[573637, 1147273]    True    [2, 0]
[575941, 691129]    True    [2, 1]
[576469, 1152937]    True    [2, 0]
[576493, 1729477]    True    [2, 1]
[577981, 770641]    True    [2, 0]
[578131, 908491]    True    [1, 1]
[578401, 1156801]    True    [3, 1]
[578509, 1157017]    True    [2, 1]
[578821, 1157641]    True    [2, 0]
[579251, 1572251]    True    [1, 0]
[579259, 681481]    True    [1, 1]
[580231, 1657801]    True    [0, 1]
[580763, 995593]    True    [1, 0]
[581149, 1162297]    True    [2, 1]
[581377, 1162753]    True    [5, 7]
[581551, 1046791]    True    [0, 1]
[582013, 958609]    True    [2, 1]
[582541, 1165081]    True    [2, 0]
[583153, 1020517]    True    [2, 0]
[583213, 666529]    True    [2, 0]
[585073, 877609]    True    [2, 2]
[586129, 1172257]    True    [1, 2]
[586603, 782137]    True    [1, 1]
[586741, 1173481]    True    [2, 0]
[587737, 1469341]    True    [2, 1]
[588277, 653641]    True    [2, 0]
[590269, 1180537]    True    [2, 1]
[594367, 846217]    True    [0, 1]
[595927, 794569]    True    [0, 1]
[596917, 1193833]    True    [2, 0]
[597133, 1061569]    True    [2, 1]
[597781, 1195561]    True    [2, 0]
[602317, 1204633]    True    [2, 0]
[604057, 755071]    True    [0, 1]
[606173, 1039153]    True    [2, 2]
[607309, 1214617]    True    [2, 0]
[607837, 1215673]    True    [2, 1]
[611803, 1427539]    True    [1, 1]
[616741, 1110133]    True    [2, 0]
[617311, 1440391]    True    [0, 1]
[617959, 1123561]    True    [0, 1]
[619849, 1239697]    True    [2, 0]
[622477, 1244953]    True    [2, 0]
[622513, 830017]    True    [3, 3]
[624541, 749449]    True    [2, 0]
[626341, 1252681]    True    [2, 1]
[626701, 1253401]    True    [2, 0]
[629341, 1258681]    True    [2, 1]
[632941, 1422061]    True    [2, 0]
[633781, 760537]    True    [2, 1]
[634597, 1269193]    True    [2, 0]
[635431, 1016689]    True    [0, 1]
[636343, 727249]    True    [0, 1]
[637003, 1486339]    True    [1, 1]
[637297, 1361497]    True    [2, 2]
[642853, 857137]    True    [2, 0]
[643301, 771961]    True    [2, 2]
[643303, 857737]    True    [0, 1]
[643661, 772393]    True    [2, 2]
[644029, 1288057]    True    [2, 1]
[644671, 1504231]    True    [0, 1]
[647821, 1036513]    True    [2, 0]
[648433, 1440961]    True    [3, 3]
[649381, 1422061]    True    [2, 0]
[649777, 1299553]    True    [2, 3]
[652291, 1227841]    True    [1, 1]
[653929, 762917]    True    [2, 2]
[654229, 1308457]    True    [2, 0]
[656077, 1312153]    True    [2, 1]
[656389, 1312777]    True    [2, 1]
[658897, 1317793]    True    [3, 3]
[659863, 879817]    True    [0, 1]
[663881, 796657]    True    [2, 3]
[664471, 841663]    True    [0, 1]
[667781, 801337]    True    [2, 2]
[668407, 1454767]    True    [0, 1]
[668611, 891481]    True    [1, 1]
[670777, 1341553]    True    [2, 2]
[671093, 710569]    True    [2, 2]
[672169, 1344337]    True    [2, 1]
[672629, 1039517]    True    [2, 2]
[674017, 1348033]    True    [4, 4]
[675781, 965401]    True    [2, 1]
[676891, 902521]    True    [1, 1]
[677791, 1156231]    True    [0, 1]
[678871, 905161]    True    [0, 1]
[680077, 1057897]    True    [2, 1]
[682147, 909529]    True    [1, 1]
[683317, 987013]    True    [2, 1]
[683821, 957349]    True    [2, 0]
[685063, 913417]    True    [0, 1]
[685081, 747361]    True    [2, 2]
[685429, 1370857]    True    [2, 1]
[686911, 1236439]    True    [0, 1]
[688249, 1376497]    True    [2, 1]
[689851, 1020979]    True    [1, 1]
[690271, 1084711]    True    [0, 1]
[692863, 1123561]    True    [0, 1]
[693523, 924697]    True    [1, 1]
[698701, 1422061]    True    [2, 0]
[698977, 1397953]    True    [4, 4]
[699571, 932761]    True    [1, 1]
[699709, 1399417]    True    [2, 1]
[699757, 1399513]    True    [2, 1]
[702469, 1404937]    True    [2, 0]
[703081, 1054621]    True    [2, 1]
[706837, 1413673]    True    [2, 1]
[710971, 1137553]    True    [1, 1]
[714853, 873709]    True    [2, 1]
[717427, 956569]    True    [1, 1]
[718453, 957937]    True    [2, 0]
[729941, 875929]    True    [2, 2]
[734189, 1016569]    True    [2, 2]
[736111, 981481]    True    [0, 1]
[744391, 992521]    True    [0, 1]
[750313, 1125469]    True    [2, 1]
[755551, 846217]    True    [0, 1]
[762061, 1219297]    True    [2, 1]
[762823, 1017097]    True    [0, 1]
[764261, 1026293]    True    [2, 2]
[767071, 1022761]    True    [0, 1]
[772591, 1188601]    True    [0, 1]
[773371, 1031161]    True    [1, 1]
[776257, 1253953]    True    [5, 3]
[778051, 1037401]    True    [1, 1]
[778933, 1132993]    True    [2, 1]
[787429, 958609]    True    [2, 1]
[790327, 1053769]    True    [0, 1]
[790961, 949153]    True    [3, 4]
[791803, 1055737]    True    [1, 1]
[794239, 961447]    True    [0, 1]
[797161, 1195741]    True    [2, 0]
[810487, 1080649]    True    [0, 1]
[821971, 1095961]    True    [1, 1]
[822803, 858577]    True    [1, 0]
[832717, 1110289]    True    [2, 1]
[837271, 1156231]    True    [0, 1]
[854533, 1057993]    True    [2, 1]
[855901, 958609]    True    [2, 1]
