311 479 719 839 1009 1129 1151 1201 
1319 1511 1559 1801 2351 2399 2521 2689 
2999 3049 3191 3359 3361 3529 3671 3889 
3911 4079 4201 4561 4679 4729 4751 4871 
4919 5039 5209 5351 5519 5569 5591 5711 
5879 5881 6359 6551 6599 6719 6841 7559 
7561 7681 8039 8089 8111 8231 8521 8689 
8761 8929 8951 9239 9241 9551 9601 9719 
9769 9791 10079 10369 10391 10559 10631 10799 
11399 11471 12049 12071 12239 12289 12479 12601 
12721 12889 12911 13151 13441 13729 13751 14159 
14281 14401 14591 14759 14831 14951 15121 15241 
15289 15649 15671 15791 15959 16249 16631 16921 
17351 17471 17519 17761 17929 18119 18169 18191 
18311 18481 18959 19009 19031 19319 19441 19489 
19609 19681 19991 20161 20521 20639 20879 21001 
21121 21169 21529 21839 21841 21961 22129 22369 
22391 22511 22679 23041 23159 23209 23399 23689 
23831 24049 24071 24239 24359 24481 24671 24889 
25031 25321 25561 25679 25919 26041 26161 26209 
26591 26711 26759 26879 26881 27191 27241 27409 
27431 27551 28031 28081 28439 28559 28729 28871 
28921 29231 29399 29401 29569 29761 29879 30071 
30119 30241 30529 30911 31079 31081 31249 31391 
31751 31799 33049 33071 33289 33311 33479 33599 
33601 33721 33769 33889 33911 33961 34129 34319 
34439 34729 34919 35111 35159 35279 35281 35401 
35449 35569 35591 35759 35809 35831 35951 35999 
36241 36599 36671 36791 37321 37489 37511 37799 
38329 38351 38639 39119 39191 39359 39769 39791 
39841 40009 40031 40151 40609 40849 41039 41161 
41281 41521 41879 41999 42169 42719 42839 42841 
42961 43151 43201 43319 43391 43801 43969 43991 
44041 44159 44351 44519 44641 44809 45191 45361 
45481 46199 46489 46511 46679 46751 46919 47041 
47161 47351 47569 47591 47711 47881 48049 48409 
48889 49009 49031 49081 49199 49391 49559 49681 
49871 49921 50111 50231 50929 50951 51071 51239 
51241 51361 51551 51719 51769 52081 52201 52249 
52369 52391 52609 52631 52919 53089 53231 53281 
53591 53639 53759 53881 54049 54121 54311 54601 
54721 55079 55439 55441 56401 56569 56591 56809 
56951 56999 57119 57241 57791 57839 58129 58271 
58321 58439 58511 58631 58679 58921 59351 59471 
59809 59929 59951 60169 60601 60649 61031 61151 
61441 61609 61631 61681 61871 61991 62039 62639 
63311 63361 63671 63719 63839 63841 64151 64319 
64679 64849 64969 65519 65521 65809 65831 66071 
66191 66239 66359 66361 66529 66721 66889 67079 
67369 67489 67511 67679 67751 68041 68161 68209 
68329 68351 68711 68879 68881 69001 69191 69431 
70009 70199 70249 70271 70439 70729 70849 70921 
71039 71089 71399 71569 71711 71879 72551 72719 
72911 72959 73079 73369 73609 73751 74209 74231 
74449 74471 74759 74761 74929 75239 75431 75479 
75721 76079 76129 76441 76561 76801 76919 76991 
77279 77569 77591 77641 77951 77999 78121 78241 
78649 78791 78839 79631 79801 80111 80279 80329 
80471 80761 80809 80929 81001 81119 81359 81649 
81769 82009 82031 82609 82799 83449 83471 83639 
83689 84121 84551 84719 84961 85009 85201 85369 
85991 86209 86351 86399 86689 87049 87071 87359 
87481 87649 87671 87721 87911 88079 88321 88729 
88919 89041 89209 89329 89519 89591 89759 90001 
90191 90359 90599 90841 91009 91081 91199 91249 
91921 92111 92399 92401 92569 92761 92951 93239 
93241 93529 93601 93719 93911 94079 94201 94441 
94559 95089 95231 95471 95881 95929 96289 96431 
96479 96601 96911 97151 97441 97561 97609 97729 
97919 98641 98999 99119 99241 99289 99409 99431 
99839 99961 100129 100271 100511 100799 100801 101089 
101111 101161 101279 101641 101929 102001 102191 102359 
102481 102769 102841 103319 103681 103991 104161 104281 
104471 104639 104711 104831 104879 104999 105361 105529 
106129 106319 106391 106681 106801 107209 107351 107641 
107881 107999 108191 108359 108529 108649 109199 109201 
109321 109751 109919 110039 110161 110569 110711 110879 
110881 111049 111191 111409 111431 111599 111721 112031 
112199 112249 112559 112921 113039 113089 113111 113279 
113761 114601 114769 115079 115201 115249 115631 115751 
116041 116089 116471 116639 116881 116929 117071 117239 
117431 117721 117889 117911 118751 118801 119159 119569 
119591 119759 119809 119831 120121 120431 120671 121081 
121271 121321 121439 121631 121921 122279 122471 122761 
122929 123001 123169 123191 123311 123479 123601 123791 
124199 124489 124799 124991 125329 125471 125639 125711 
126001 126311 126551 126719 126839 126961 127679 127681 
127849 128159 128351 128399 128519 128521 129049 129361 
129529 129671 130079 130199 130201 130369 130489 130729 
131041 131519 131591 131711 131759 132169 132241 132409 
132721 133271 133391 133439 133559 134039 134089 134399 
134401 134951 135119 135241 135409 135601 135719 135911 
136559 136751 137089 137209 137399 137639 138071 138239 
138289 138311 138599 138889 139079 139439 139609 139729 
139801 139991 140111 140159 140281 140401 140449 140759 
140831 141121 141241 141481 141649 141671 141959 141961 
142271 142799 142969 143111 143329 143519 144169 144311 
144479 144481 144791 145009 145031 145441 145681 145799 
145991 146161 146449 146521 146639 147311 147551 147671 
148151 148991 149159 149351 149399 149519 149521 149689 
150239 150649 150721 150889 151201 151561 151729 151871 
152039 152519 152879 153001 153191 153359 153409 153719 
153841 153889 154081 154439 154681 154849 154871 155231 
155399 155569 155689 156071 156119 156241 156361 156601 
156719 157081 157559 157799 158209 158231 158449 158591 
158759 158761 158881 159311 159431 159721 159769 159911 
160079 160319 160441 160751 160969 161159 161281 161569 
161591 161641 161831 161999 162119 162289 162649 162671 
162791 162839 163129 163249 163321 163679 164089 164279 
164471 164809 165001 165311 165479 165601 166031 166151 
166319 166609 166631 166799 166849 166871 167039 167159 
167329 167449 167471 167521 167711 167879 168719 169009 
169129 169151 169319 169369 169681 169991 170231 170351 
170641 170689 170881 171049 171481 171529 171671 171889 
172031 172079 172199 172321 172489 172561 172751 172871 
173039 173209 174049 174169 174241 174431 174599 174721 
175081 175391 176089 176401 176521 176711 176951 177239 
177409 177601 177791 178249 178441 178559 178609 178799 
178921 179041 179089 179209 179281 179471 179591 180071 
180239 180289 180311 181439 181609 181729 181751 181919 
182111 182159 182279 182641 182999 183119 183289 183959 
184081 184271 184321 184489 184511 184631 185089 185161 
185519 185641 185951 186119 186191 186311 186479 186481 
186601 186649 186841 186959 187009 187441 187631 187871 
188159 188281 188711 188831 188999 189169 189311 189361 
189479 189529 189671 189961 190129 190369 190391 191231 
191519 191689 191831 191999 192191 192239 192529 192889 
193031 193201 193679 193751 193871 194569 194591 195049 
195359 195599 196081 196271 196439 196561 196871 197089 
197279 197521 197569 197689 197711 198241 198409 198529 
198719 198769 198959 199081 199559 199751 199799 199921 
200041 200231 200591 200639 200881 200929 201049 201121 
201599 201769 201889 201911 201961 202129 202441 202729 
202751 203279 203449 203569 203591 203641 203809 203999 
204431 204481 204599 204791 205081 205129 206279 206351 
206519 206639 206641 206951 207169 207191 207479 207481 
207769 208009 208319 208441 208489 208609 208631 208799 
208991 209039 209159 209449 209471 209639 210169 210361 
210671 210719 210839 210961 211129 211151 211319 211369 
211559 211681 211801 212209 212881 212999 213359 213361 
213481 213649 213721 214031 214561 214729 215161 215329 
215351 216431 216551 216719 216841 217081 217199 217271 
217439 217559 217561 217681 217849 218111 218279 218401 
218521 218711 218761 219071 219119 219361 219409 219529 
219911 219959 220369 220391 220559 220919 221209 221281 
221399 221471 222289 222311 222601 223129 223151 223319 
223439 223441 223919 223969 224401 224449 224569 224591 
224759 224831 224951 225119 225241 225289 225431 225671 
225839 225961 226129 226511 226631 226799 227089 227111 
227471 227519 227951 228311 228359 228479 228601 228841 
228959 229199 229321 229631 229681 229799 229849 230281 
230471 230999 231001 231169 231289 231479 231529 231551 
231719 231839 231841 231961 232129 232391 232681 233159 
233231 233641 233689 233881 234191 234239 234529 234721 
235199 235369 235489 235679 235751 235871 235919 236209 
236519 236879 236881 237409 238009 238031 238081 238439 
238729 238921 239231 239521 239689 239711 239879 240551 
240719 240769 240959 241079 241249 241391 241441 241559 
241919 241921 242399 242449 242591 242639 243121 243239 
243311 243431 243479 243769 243889 243911 244129 245279 
245591 245759 246119 246121 246241 246289 246599 246839 
247439 247799 248161 248351 248639 248641 249311 250031 
250199 250441 250489 250681 250799 250871 251159 251639 
251831 251879 252001 252169 252289 253369 253679 253681 
253801 253969 254041 254209 254519 254831 255049 255071 
255191 255239 255361 255649 255839 256031 256079 256199 
256369 256489 256561 257161 257351 257401 257519 257591 
257711 257879 258241 258551 258721 259009 259271 259681 
260089 260111 260231 260399 260569 260761 260879 260951 
261071 261241 261529 261601 261791 261959 262079 262369 
262391 263089 263209 263399 263591 263759 263761 263881 
264071 264289 264599 264601 264769 264889 264961 265079 
265129 265151 265271 265561 265729 266111 266159 266281 
266401 266449 266641 266759 266999 267431 267481 267649 
267671 267791 267959 267961 268271 268439 268921 268969 
269089 269351 269519 269641 269761 270001 270191 270311 
270601 270791 270841 271489 271849 272039 272329 272449 
272879 272999 273001 273289 273311 273551 273719 274201 
274679 275159 275399 275641 275881 275999 276049 276191 
276239 276359 276671 276721 276839 277751 277919 278041 
278209 278329 278591 278879 278881 279001 279431 279551 
280009 280031 280199 280249 280561 280681 280729 280871 
280921 281279 281761 282071 282239 282241 282409 282769 
282911 282959 283079 283369 283609 283631 283799 284041 
284231 284591 284759 284881 285049 285071 285121 285289 
285599 285721 286129 286609 286751 286801 287159 287279 
287281 287449 288241 288481 288649 288839 289129 289249 
289439 289489 289511 290161 290351 290471 290761 291169 
291191 291359 291481 291649 291791 292319 292441 292489 
292631 292849 293329 293639 293831 293999 294001 294169 
294289 294311 294479 294529 294551 295129 295201 295319 
296041 296159 296519 296831 297049 297191 297359 297889 
297911 298031 298201 298369 298679 299329 299401 299569 
299711 299881 300191 300431 300719 300721 300889 301681 
302111 302279 302399 302711 303119 303361 303409 303529 
303551 303959 304081 304391 304559 304631 304751 305209 
305231 305281 305449 305471 305639 305759 305761 306049 
306121 306239 306431 306479 307079 307129 307609 307919 
307969 308569 308641 308809 308951 308999 309121 309241 
309289 309481 309599 309671 310081 310129 310439 310489 
310511 310801 310969 311111 311279 311329 311951 312311 
312601 312841 313009 313031 313151 313321 313849 313991 
314159 314161 314329 314711 314879 315361 315529 315551 
315671 315961 316201 316391 316681 316801 316991 317159 
317209 317351 317399 317831 318191 318671 318889 318911 
319031 319201 319321 319489 319511 319679 319729 319919 
320039 320041 320329 320401 320591 320759 321169 321359 
321721 321889 322009 322249 322271 322559 322849 322871 
322921 323711 323879 323951 324119 324239 324361 324529 
324791 325079 325081 325201 325249 325631 325751 325921 
326449 326881 327071 327289 327311 327479 327599 327721 
327889 328129 328271 328439 328919 329111 329281 329401 
329591 329951 329999 330241 330289 330409 330431 330791 
330839 331081 331249 331489 331511 331801 331921 332161 
332471 332641 332951 333479 333769 333791 333959 334031 
334199 334319 334681 334991 335161 335281 335449 335689 
335879 335999 336121 336361 336529 336551 336671 336961 
337201 337369 337511 337681 337969 338159 338231 338999 
339049 339071 339239 339649 339671 339839 340031 340079 
340201 340321 340369 340919 341041 341569 341879 342049 
342191 342241 342359 342599 342841 342889 343081 343199 
343391 343559 343561 344039 344111 344231 345551 345601 
345769 345791 346079 346201 346369 346391 346441 346559 
346751 347041 347209 347591 347759 347929 348239 348431 
348769 348889 348911 349079 349729 349801 349919 350111 
350159 350281 350809 351121 351289 351599 351959 352081 
352249 352271 352489 352511 353161 353329 353471 353641 
353929 354001 354169 354479 354791 355009 355031 355321 
355441 355609 355799 356039 356449 356831 356999 357169 
357551 357671 357839 358201 358681 359041 359209 359231 
359641 360071 360649 361321 361511 361561 361679 361871 
361919 362161 362569 362759 363359 363431 363551 363719 
363841 363889 364031 364271 364921 365039 365089 365231 
365569 365689 366239 366409 366791 367201 367369 367391 
367559 367751 368089 368231 368399 368471 368881 369071 
369961 370439 370441 370561 370609 370801 370919 371281 
371831 371951 371999 372121 372241 372289 372409 372481 
372839 373489 373631 373969 374089 374111 374351 374639 
374641 374761 374929 375119 375169 375311 375359 375481 
375841 376009 376199 376631 377329 377471 377521 377711 
377831 377999 378289 378361 378551 378671 379009 379319 
379369 379391 379679 379681 379849 380041 380231 380641 
380881 381071 381239 381481 381529 381911 382511 382729 
382751 382871 382919 383041 383519 383759 384001 384049 
384359 384599 384719 384841 384889 385081 385199 385249 
385391 385559 386039 386279 386401 386521 386569 386689 
387071 387529 387551 387791 387911 388081 388369 388391 
389041 389089 389231 389399 389591 389761 390289 390479 
390889 390961 391151 391441 391751 391801 392111 392159 
392279 392281 392569 392759 392809 392831 393121 393241 
393649 393671 393961 394129 394249 394271 394489 394631 
394969 395089 395111 396001 396119 396311 396479 396601 
397151 397489 397799 397849 398039 398471 398711 399719 
400009 400151 400391 400559 400679 400681 400849 401231 
401519 401689 401809 402049 402071 402239 402359 402361 
403079 403369 403511 403679 403729 404161 405001 405049 
405241 405599 405719 406271 406559 406561 406729 407401 
407521 407879 408071 408241 408361 408719 408769 408911 
408959 409081 409369 409391 409441 409609 410231 410281 
410759 410929 411049 411071 411311 411479 411721 412561 
412609 413111 413159 413759 413951 414241 414431 414959 
415271 415489 415631 415799 415801 415969 416089 416761 
417119 417169 417191 417311 417479 417649 417959 418009 
418031 418199 418321 418631 418799 418849 418871 419161 
419281 419329 419449 419711 419831 419999 420001 420361 
420479 420551 420671 421009 421559 421801 422041 422209 
422231 422689 422881 423191 423481 423649 424079 424199 
424679 424729 425039 425329 425519 425591 425879 426551 
426841 426889 427249 427439 427681 427849 428039 428231 
428401 428569 428951 429119 429241 429361 429409 429529 
429551 429719 429791 429911 430081 430751 430799 430921 
431399 431449 431759 431881 431929 432121 432479 432721 
432961 433079 433151 433271 433319 433439 433729 434111 
434831 435481 435649 435839 436081 436439 436801 437111 
437279 437351 437471 437519 437641 437809 438001 438169 
438479 438601 438769 439009 439199 439441 439631 439799 
439849 439991 440039 440159 440281 440329 440471 440711 
440831 441121 441169 441361 441479 441839 441841 442009 
442151 442201 442319 442991 443041 443159 443231 443689 
443881 443999 444529 444649 444671 445031 445199 445321 
445871 446041 446401 446569 446759 446881 447001 447409 
447841 448031 448199 448249 448561 448871 449399 449569 
449689 449879 449929 449951 450071 450239 450529 450719 
451201 451249 451441 451609 451799 451921 452041 452759 
453239 453289 453311 453599 453601 453889 453961 454079 
454151 454609 454919 454969 454991 455159 455401 455809 
455831 455999 456119 456241 456409 456649 456791 456959 
457271 457511 457679 457799 458639 458929 459169 459479 
459649 459791 459841 460609 460871 460991 461521 461639 
461689 462311 462361 462529 462719 462841 463319 463511 
463679 463849 464351 464521 464809 464999 465071 465529 
465649 465721 466079 466201 466321 466369 466561 466729 
466751 466919 467209 467329 467591 467879 467881 468001 
468049 468191 468359 468551 468599 468719 468841 468889 
469009 469031 469439 469561 469849 470039 470089 470279 
470399 470521 470689 470711 471241 471719 471769 471791 
471959 472249 472369 472391 472559 472631 472751 472799 
472921 473089 473471 473761 473929 474049 474289 474311 
474479 474769 474911 475151 475271 475729 475751 475991 
476111 476279 476401 476591 476759 476831 477671 477791 
477839 478129 478271 478321 478631 478679 478801 479639 
479761 479951 480169 480959 481009 481199 481489 481681 
481849 482039 482281 482689 482711 483289 483551 483671 
483719 483839 484129 484151 484201 484369 485041 485209 
485351 485519 485689 485831 486071 486481 486671 486721 
486839 487079 487489 487561 488161 488209 488329 488401 
488711 488759 488879 489001 489191 489241 489409 489431 
489551 490031 490249 490271 490559 490849 490921 491039 
491279 491951 492409 492551 492601 492719 492769 492911 
493201 493249 493369 493919 494041 494281 494471 494591 
494639 494759 494761 495071 495289 495769 496079 496439 
496609 496919 497111 497279 497281 497449 497831 497999 
498119 498409 498599 498791 498961 499129 499321 499439 
499679 499801 499969 500111 500471 500519 500809 501001 
501191 501601 501769 501841 502321 502441 502631 503039 
503159 503879 504001 504121 504289 504311 504479 504671 
505129 505201 505319 505369 505511 505559 505969 506351 
506689 506809 506999 507049 507071 507359 507361 507839 
508489 508919 509329 509569 509591 509879 510049 510241 
510551 510889 511391 511439 511559 512521 512569 512711 
512761 512929 513239 513529 513719 513769 514079 514081 
514201 514751 515041 515089 515639 515761 515929 516049 
516431 516599 516721 516911 517079 517129 517151 517609 
517919 517991 518159 518759 518809 518831 519119 519121 
520129 520631 520679 520969 521161 521329 521471 521519 
521641 521809 521929 522191 522479 522601 522959 523031 
523489 523631 523681 524521 524831 524999 525001 525361 
525529 525671 525719 525839 525961 526391 526511 526679 
527159 527209 527399 527809 527881 528191 528911 529489 
529751 529871 530041 530209 530329 530401 530711 531169 
531359 531551 531841 532009 532199 532249 532391 532439 
532849 533089 533111 533399 533711 533879 534529 534601 
535391 535609 535751 535919 536281 536399 536449 536929 
537071 537599 537769 538079 538151 538561 538751 538801 
539111 539159 539401 539449 539641 540119 540121 540599 
540961 541129 541249 541271 541439 541511 541631 541799 
542111 542519 542761 542951 543311 543359 543601 543769 
543791 543841 544009 544031 544199 544631 545161 545329 
545449 545521 545711 546001 546289 546361 546479 546671 
546719 546841 546961 547369 547559 547681 547849 548351 
548399 548519 548521 548831 549071 549481 549649 549839 
549911 550369 550489 550679 551039 551519 551569 552001 
552241 552841 553249 553439 553561 553681 553849 553921 
554089 554569 554711 554951 555119 555361 556441 556559 
556609 556799 557041 557281 557591 557639 557759 557761 
558121 558289 558431 558479 558599 558721 558769 559319 
559561 559991 560159 560281 560641 561409 561599 561839 
561961 562129 562271 562439 562631 563351 563809 563929 
564191 564359 564959 565319 565441 565849 566161 566521 
566639 566879 566999 567121 567529 567719 567841 568151 
568201 568391 568679 568991 569159 569209 569809 569831 
570049 570071 570191 570359 570529 570649 570671 570839 
571031 571199 571201 571321 571369 571679 571751 571871 
572041 572161 572329 572519 572711 572879 572881 573409 
573719 574031 574081 574439 575231 575689 575711 576119 
576529 576551 576769 576791 577081 577249 577559 577751 
577799 577919 578041 578209 578399 578881 579239 579311 
579721 580079 580561 580919 580969 581809 582119 582409 
582649 582961 583249 583511 583631 583801 583969 584279 
584471 584809 584951 585119 585601 585791 585841 586009 
586319 586609 586631 586849 586871 587281 587711 587999 
588121 588169 588311 588361 588529 588839 589681 590041 
590399 590809 591649 592199 592321 592369 592489 592561 
592919 593041 593209 593401 593519 593711 594241 594359 
594551 594721 594889 595081 595271 596231 596279 596399 
596879 596929 597239 597361 597409 597551 597769 598079 
598369 598799 599231 599281 599399 599591 599759 600071 
600239 600289 600311 600601 600889 600961 601079 601319 
601439 601751 601801 601969 602111 602279 602401 602759 
602831 602951 602999 603431 603791 604249 604801 605329 
605471 605639 605641 605809 606311 606649 606791 606959 
607151 607199 607319 607681 607991 608161 608471 608521 
608831 608999 609289 609361 610391 610559 610681 610801 
610849 610969 611641 611999 612049 612071 612481 612649 
612671 612889 613199 614041 614569 614759 614881 615431 
615599 615721 616391 616439 616729 616849 616871 617039 
617231 617401 617521 617689 617761 617879 617951 618119 
618361 618719 619079 619391 619921 620639 620759 620929 
621239 621289 621431 621721 621769 622129 622151 622561 
622729 622751 623279 623281 623401 623591 623641 623759 
624119 624241 624599 624649 624791 624839 624961 625129 
625489 625631 625969 626519 626761 626809 626929 627119 
627169 627191 627479 627481 627791 627841 628319 628681 
628799 629281 629689 629711 630169 630529 630719 630841 
631151 631391 631559 631679 631681 631991 632041 632209 
632231 632351 632521 632881 633359 633649 634031 634079 
634199 634511 634679 634871 635039 635351 635519 635711 
635879 636241 636359 636409 636719 636721 637199 637271 
637729 638689 639361 639601 639719 639911 639959 640249 
640369 640631 640919 641089 641471 641639 641761 641881 
641929 642049 642071 642121 642769 643129 643439 643729 
643751 643919 643969 643991 644159 644401 644569 644951 
644999 645409 645431 645481 645599 645649 645839 646271 
646631 647111 647161 647641 647809 647951 648119 648191 
648481 648649 648841 649151 649321 649631 649799 649849 
649871 649991 650281 650329 650449 651169 651289 651361 
651839 651841 652319 652369 652559 652849 652969 652991 
653209 653519 653641 653831 653881 654191 654529 654671 
654839 654889 655489 655511 655561 656039 656329 656519 
657049 657431 657719 657841 658199 658391 658681 658871 
659231 659279 659521 659569 659689 659761 659951 660071 
660119 660241 660409 660529 660601 660719 660769 660791 
661201 662231 662281 662449 662591 662639 663049 663071 
663239 663599 663601 663961 664151 664271 664319 664441 
664561 665111 665279 665569 665591 666119 666431 666599 
666649 666671 666959 667081 667129 667321 667631 667801 
667921 668089 668111 668471 668761 668929 669311 669359 
669479 669481 669649 669791 670031 670199 670321 670489 
670849 670991 671039 671159 671161 671471 671831 671999 
672169 672289 672311 673129 673201 673391 673801 673991 
674159 674231 674831 675071 675239 675481 675839 675889 
676031 676679 676751 676919 677041 678169 678191 678409 
678599 678719 678721 679249 679561 679681 680039 680399 
680401 680569 680879 680929 681361 681409 681719 682079 
682751 683041 683231 683471 683591 683759 684121 684239 
684289 684311 684599 684769 684889 684961 685271 685319 
685609 685969 685991 686449 687121 687289 687431 687481 
687839 687961 688249 688511 688631 688679 688799 689089 
689279 689641 689761 689929 689951 690119 690841 691151 
691199 691489 691631 691681 691799 691871 691991 692161 
692281 692521 692689 692711 693169 693529 693961 694201 
694319 694391 694511 694559 695641 695689 695809 695881 
695999 696239 696359 696361 696481 696721 696889 697079 
697201 697511 697729 698039 698329 698591 699001 699169 
699191 699241 699719 700081 700199 700391 700561 700681 
700849 700871 701089 701279 701399 701401 701711 701761 
701951 702239 702529 702551 703081 703249 703441 703559 
703631 704281 704399 704449 704761 704929 706151 706729 
706751 706801 706919 707111 707159 707279 707831 707951 
708119 708481 708599 708839 708959 709271 709679 709799 
709921 710351 710519 710951 711001 711479 711649 711959 
712199 712319 712321 712631 712681 713039 713159 713281 
713329 713831 714169 714361 714479 714529 714551 714719 
714839 714841 715151 715679 715681 715849 715969 715991 
716351 716399 716809 717191 717529 718321 718511 718871 
718919 719041 719351 719569 720359 721199 721439 721561 
721849 721921 722521 723071 723119 723361 723409 723529 
723551 723601 723791 723959 724079 724441 724609 724631 
724751 725041 725209 725399 725449 725639 725929 726071 
726289 726431 726599 726601 726911 727079 727271 727561 
727729 728281 728809 728831 729649 729671 729791 730321 
730679 730799 730969 731639 731761 732191 732311 732601 
732769 732841 732959 733009 733321 733849 733871 733991 
734159 734329 734471 734879 735001 735169 735311 735479 
735719 736369 736511 736679 737041 737159 737351 737809 
737999 738071 738721 738839 738889 739031 739199 739201 
739369 739511 739751 740041 740161 740329 740351 740591 
740711 741001 741409 741431 741599 741721 742009 742031 
742199 742439 742559 742681 743089 743111 743279 743401 
743689 743711 744071 744239 744791 744911 744959 745249 
745369 745391 745609 745631 745751 746041 746209 746231 
747049 747239 747599 747889 748271 748441 748609 748729 
748801 749279 749401 749449 749641 749809 750119 750599 
750791 750961 751321 751631 751799 751921 751969 752111 
752351 752519 752639 752809 752929 753001 753191 753959 
754489 754991 755449 755879 756289 756719 756839 756961 
757151 757201 757319 758159 758231 758519 758521 759359 
759911 760079 760321 760489 760511 760561 760729 760871 
761161 761351 761591 761711 761879 762001 762049 762241 
762409 762599 763031 763271 763391 763559 763921 764089 
764111 764399 764521 764689 765241 766079 766369 766559 
767089 767399 767471 767759 767761 767881 768049 768431 
768479 769151 769319 769729 769751 769919 770111 770281 
770401 770449 770591 770641 770951 771289 771431 771481 
771961 772081 772439 772631 772921 773951 774001 774119 
774601 774791 774959 775441 775681 775871 776159 776449 
776471 776521 776879 777001 777169 777479 777551 777671 
777839 778201 778319 778391 778511 778559 778681 779159 
779231 779351 780049 780191 780649 780671 780721 780889 
781199 781321 781369 781511 781919 782209 782519 782711 
783191 783359 783599 783719 783721 784009 784081 784249 
785569 785879 785951 786241 786551 786719 786959 787079 
787609 787751 788041 788089 788209 788231 788399 788449 
788761 789311 789721 789961 790271 790969 790991 791111 
791159 791569 791951 792119 792241 792481 792959 793129 
793439 793489 793511 794089 794111 794161 794471 794641 
795479 795601 795649 795791 796009 796151 796799 796849 
796871 797039 797161 797281 797689 797711 798121 798961 
799151 799369 799679 799801 799991 800159 800209 800231 
800351 800399 800519 800521 800999 802031 802511 802729 
802751 803041 803519 803591 804191 804409 804889 805031 
805081 805249 805271 805559 805729 806111 806521 806761 
806929 806951 807071 807119 807241 807409 808081 808369 
808391 808441 808559 808751 808919 809041 809231 809399 
809759 810049 810071 810239 810769 810961 811441 811561 
811729 811919 811991 812281 812401 812641 812759 813121 
813961 814081 814129 814631 814799 815279 815351 815471 
815519 815809 816169 816191 816649 816769 816841 817151 
817319 817321 817871 818281 818689 818999 819001 819289 
819311 819719 820129 820201 820319 820559 820679 820681 
820969 820991 821209 821519 821641 821809 821999 822049 
822191 822361 822671 822721 822839 822889 823201 823679 
823729 824039 824401 824591 825001 825049 825191 825241 
825551 825889 826271 826391 826559 826561 826681 826729 
826849 826921 827039 827231 827521 827929 828071 828119 
828239 828361 828409 828601 829249 830041 830449 830591 
830639 831071 831239 831431 831599 831769 831889 831911 
832079 832129 832151 832729 832801 832919 832969 833281 
833449 833759 833999 834599 834671 834959 834961 835249 
835271 835321 835489 835511 836161 836351 836471 836761 
836951 837191 837359 837601 838441 838609 838631 838991 
839161 839471 839831 839879 839999 840479 840839 840841 
841369 841391 841559 841801 841849 842041 842159 842209 
842351 842399 842519 842521 843361 843649 843889 843911 
844199 844201 844321 844369 844489 844511 845041 845209 
845879 845881 846359 846721 846841 847031 847271 847681 
847871 848399 848761 848879 849119 849601 850081 850631 
851041 851209 851231 851449 851471 851639 851761 851881 
852121 852239 852769 852889 853079 853319 853439 853969 
854111 854159 854569 854951 854999 855119 855241 855431 
855671 856249 856799 856969 857161 857471 857809 857929 
857951 858001 858311 858479 858769 858841 859031 859321 
859609 859681 859799 860689 861001 861121 861361 861551 
861719 862009 862129 862319 862369 862559 862991 863231 
863521 863641 863689 864049 864191 864359 864361 864911 
865201 865321 865511 865729 865751 865871 866161 866329 
866519 866759 867001 867409 867431 867719 868081 868199 
868249 868271 868559 868561 868849 869039 869399 869521 
869689 869879 869951 870239 870241 870601 870911 871919 
872041 872089 872231 872281 872471 872761 873049 873121 
873721 874151 874271 874729 874919 875591 875759 876121 
876431 876481 876791 877321 878089 878279 878641 878929 
879001 879119 879169 879649 880031 880151 880199 880681 
880799 880871 881159 881449 881471 881711 882169 882289 
882529 882551 882719 882961 883391 883969 883991 884159 
884231 884831 884881 884999 885239 885359 885529 885721 
885839 885889 886031 886199 886511 886751 887401 887569 
887759 888001 888359 888409 888431 888721 889081 889271 
889391 889439 889871 889921 890111 890231 890711 890761 
891239 891409 891551 891601 892079 892249 892391 892559 
892609 892919 893041 893281 893449 893591 893881 893929 
894239 894431 894721 895079 895151 895319 895729 895801 
896111 896281 896449 897119 897241 897649 897671 898129 
898439 898921 899161 899519 899761 900001 900169 900481 
900649 900959 901009 901441 901489 902039 902281 902449 
902471 902521 902639 903311 903479 903841 904201 904369 
904511 904559 904679 904681 904801 905209 905999 906481 
906649 906839 906911 907031 907199 907321 907369 907561 
907871 908041 908591 908711 908759 908879 908881 909241 
909409 909599 909889 910031 910199 910561 910849 911039 
911089 911111 911231 911689 911879 911951 912239 912409 
912911 912959 913441 913799 913921 914041 914591 915049 
915071 915311 915479 915601 915769 915911 915961 916129 
916319 916441 916561 917159 917281 917591 917641 917759 
917809 917831 917951 918431 918481 918839 918959 919081 
919129 919249 919511 919631 919679 919799 920279 920519 
920641 920761 920951 921169 921191 921601 921841 921959 
922321 922489 922631 922681 923449 923471 923711 924529 
924551 924719 924841 924961 925369 925391 925559 925679 
925849 926351 926399 926689 927049 927191 927361 927649 
927671 928079 928561 928679 928871 929161 929209 930191 
930409 930551 930719 930841 930889 931199 931729 931849 
931921 932039 932231 932521 932761 932879 932951 933241 
933551 933601 934079 934441 934799 934919 935399 935591 
935639 936311 936599 936769 936889 936911 937151 937751 
937801 937919 937969 937991 938279 938569 938591 938831 
939119 939121 939431 939599 939649 939791 939839 940249 
940271 940801 940921 941329 941351 941471 941519 941641 
941929 942311 942479 943009 943031 943199 943321 943799 
943849 943871 944039 944161 944329 944521 944689 944711 
945289 945479 945671 945961 946369 946391 946511 946801 
946969 947351 947641 948049 948671 948721 948839 950039 
950041 950161 950329 950401 950519 950569 950879 951001 
952009 952199 952439 952559 952681 952921 953039 953111 
953399 953521 953929 954409 954719 954911 955391 955441 
955919 956231 956281 956399 956759 956881 956929 957071 
957289 957431 957599 957601 957721 957769 957889 958319 
958439 958729 959159 959279 959449 959759 959809 959831 
960119 960121 960649 960961 961511 961679 962161 962471 
963191 963311 963481 963601 963841 964009 964151 964199 
964609 964871 965161 965329 965639 965711 966961 967129 
967201 967319 967391 967511 968041 968159 968519 968521 
968641 968809 968831 969049 969071 969239 969359 969481 
969671 969721 969889 969911 970031 970201 970561 971039 
971401 971569 971591 971759 972001 972409 972431 972599 
972721 973031 973081 973439 973561 973681 974089 974279 
974401 974711 974761 974879 975071 975551 976369 976559 
976799 976919 977209 977591 977761 977881 978049 978071 
978239 978479 978599 979439 979919 979969 980159 980401 
980449 980591 980641 980831 980999 981241 981289 981481 
981599 981961 982271 982321 982489 982801 983519 983809 
983929 983951 984119 984359 984481 984959 985151 985631 
985799 985871 985991 986281 986471 987361 988129 988319 
988511 988849 989231 989641 989831 989999 990239 990359 
990361 990529 990889 991031 991079 991201 991511 991751 
991871 992591 993001 993049 993169 993241 993431 993841 
994199 994249 994271 994391 994559 994561 994871 995399 
996119 996409 996529 996551 996601 997081 997201 997369 
997391 997609 997751 998399 998471 998759 999049 999239 
999431 999599 999721 999769 999961 1000151 1000609 1000919 
1000969 1001159 1001279 1001401 1001569 1001809 1001831 1002121 
1002241 1002289 1002481 1003631 1003679 1004089 1004161 1004279 
1004761 1005359 1005481 1005959 1006151 1006441 1006609 1006799 
1006991 1007161 1007711 1008001 1008719 1009319 1009369 1009559 
1009991 1010519 1010809 1010881 1011071 1011191 1011239 1011359 
1011649 1011671 1011889 1012031 1012079 1012321 1012369 1012489 
1012679 1012751 1012919 1013041 1013329 1013401 1013569 1013711 
1013879 1014359 1014719 1014721 1014889 1015009 1015081 1015199 
1015559 1015561 1015871 1016089 1016111 1016231 1016399 1016569 
1016689 1016879 1016929 1017119 1017361 1017551 1017719 1017959 
1018201 1018559 1019209 1019281 1019399 1019449 1019471 1019639 
1020049 1020431 1020599 1020961 1021129 1021271 1021441 1021561 
1021919 1022449 1022591 1023289 1023409 1023839 1024249 1024321 
1024511 1024799 1024921 1025111 1025161 1025279 1025351 1025641 
1025929 1026119 1026359 1026479 1026481 1026791 1027031 1027199 
1027319 1027321 1027489 1027799 1028329 1028471 1028999 1029001 
1029289 1029839 1030201 1030369 1030511 1030681 1030801 1031231 
1031399 1031521 1031809 1031831 1031999 1032049 1032071 1032649 
1032721 1032839 1033079 1033369 1033489 1033679 1033751 1034591 
1034879 1035191 1035241 1035409 1035599 1036249 1036271 1036391 
1036561 1036681 1036729 1036921 1037089 1037401 1037879 1037929 
1038119 1038409 1038601 1039081 1039631 1039799 1039921 1040089 
1040449 1040881 1040929 1041121 1041239 1041289 1041311 1041889 
1041961 1042271 1042439 1042609 1043111 1043279 1043401 1043591 
1043759 1043831 1043951 1044289 1044409 1044839 1045081 1045129 
1045321 1045679 1045799 1045801 1046329 1046351 1046519 1046641 
1046951 1047119 1047311 1047479 1047649 1047841 1048009 1048609 
1048681 1048799 1048991 1049039 1049471 1049639 1049999 1050961 
1051009 1051151 1051319 1051559 1051849 1051991 1052041 1052231 
1052881 1053071 1053191 1053361 1053529 1054199 1054201 1054321 
1054369 1054679 1055039 1055591 1055881 1056049 1056169 1056241 
1056599 1056719 1056721 1057271 1057391 1057561 1057681 1058711 
1058951 1059119 1059769 1060201 1060249 1060391 1060441 1061591 
1061759 1061881 1062121 1062311 1062599 1062601 1062911 1063079 
1063151 1063319 1063441 1063561 1063609 1063729 1063919 1063969 
1064159 1064281 1064951 1065409 1065791 1065839 1066511 1067329 
1067351 1067471 1067639 1067761 1067951 1068191 1068311 1068481 
1069031 1069199 1069441 1069609 1069631 1070039 1070471 1070689 
1071121 1071311 1071479 1071529 1071671 1071841 1072009 1072129 
1072801 1072849 1072969 1072991 1073209 1073351 1073399 1073521 
1073881 1074071 1074361 1074481 1074649 1074839 1074889 1075079 
1075201 1075489 1075561 1075729 1076039 1076401 1076519 1076879 
1077191 1077599 1077719 1077721 1077841 1078009 1078031 1078081 
1078199 1078559 1078681 1078849 1079399 1079569 1079711 1079879 
1079929 1080119 1080791 1081079 1081441 1081631 1081919 1082089 
1082209 1082231 1082399 1082761 1082881 1083289 1083311 1083431 
1083601 1083721 1083911 1084079 1084609 1085111 1085159 1085809 
1086119 1086791 1087129 1087249 1087271 1087631 1087679 1087799 
1088089 1088161 1088471 1088519 1088639 1088641 1089191 1089359 
1089481 1089841 1090031 1090151 1090681 1090799 1090849 1091159 
1091161 1091329 1091471 1091521 1091639 1091711 1092361 1092479 
1092961 1093129 1093201 1093679 1093681 1093969 1093991 1094209 
1094519 1094689 1094809 1094831 1094881 1094999 1095049 1095071 
1095239 1095481 1095529 1095671 1095839 1096031 1096079 1096201 
1096489 1096561 1096871 1096919 1097039 1097209 1097351 1097711 
1097879 1098191 1099031 1099081 1099199 1099249 1099391 1099559 
1099729 1100039 1100089 1100279 1101071 1101409 1101959 1102201 
1102441 1102921 1103041 1103281 1103449 1103591 1103639 1104289 
1104431 1104479 1104599 1104769 1104889 1105271 1105441 1105609 
1105919 1106159 1106279 1106401 1106449 1106569 1106999 1107409 
1107791 1108321 1108489 1108801 1109161 1109351 1109639 1109761 
1109951 1110311 1110479 1110959 1111031 1111151 1111489 1111991 
1112159 1112471 1112689 1112831 1113719 1113961 1114681 1114801 
1114849 1114969 1115351 1115399 1115519 1115641 1115831 1116889 
1116911 1117031 1117079 1117199 1117321 1117489 1117679 1117729 
1118041 1118519 1118569 1119169 1119241 1119359 1120081 1120271 
1120391 1120849 1120871 1121231 1121689 1122071 1122241 1122529 
1122551 1123079 1123081 1123391 1123631 1123919 1124041 1124449 
1124639 1124759 1125121 1125431 1125479 1125599 1126319 1126439 
1126441 1126561 1126751 1126991 1127111 1127281 1127641 1127809 
1128289 1128599 1129439 1129489 1129511 1129679 1130351 1130471 
1130639 1130641 1130809 1130929 1130951 1131191 1131479 1131769 
1131959 1132199 1132321 1132991 1133039 1133159 1133689 1134169 
1134311 1134479 1134719 1134841 1134961 1135009 1135129 1135201 
1135969 1136041 1136231 1136809 1136831 1136999 1137481 1137529 
1137889 1137911 1138369 1138679 1138729 1138751 1138919 1139041 
1139329 1139519 1140431 1140721 1141009 1141031 1141081 1141271 
1141391 1141849 1141871 1142039 1142279 1142569 1142929 1143071 
1143239 1143529 1143551 1143601 1143719 1143959 1144249 1144441 
1144919 1145281 1146049 1146071 1146911 1147271 1147441 1147561 
1147969 1148111 1148999 1149409 1150249 1150511 1150631 1150921 
1151089 1151471 1151519 1151639 1152119 1152649 1152791 1152841 
1153199 1153441 1153609 1153681 1153799 1153849 1153871 1154039 
1154159 1154449 1154639 1155001 1155169 1155311 1155529 1155961 
1156009 1156151 1156369 1156681 1156801 1156849 1157159 1157209 
1157641 1157831 1158071 1158361 1158481 1159031 1159079 1159199 
1159201 1159489 1159919 1160039 1160041 1160161 1160351 1160519 
1160569 1161001 1161169 1161241 1161551 1161599 1161841 1162009 
1162081 1162559 1162729 1163039 1163111 1163231 1163521 1163689 
1163711 1163879 1164071 1164409 1164791 1165079 1165081 1165201 
1165751 1165799 1165919 1165921 1166041 1166089 1166639 1166929 
1167289 1167599 1167889 1168151 1168319 1168751 1168919 1168969 
1169281 1169401 1169449 1169591 1169759 1169809 1170119 1170599 
1170649 1171801 1171921 1171969 1172111 1172279 1172351 1172929 
1173001 1173191 1173481 1173841 1173959 1174031 1174319 1174441 
1174489 1175039 1175521 1175711 1176121 1176361 1176529 1176671 
1177009 1177201 1177681 1177801 1178041 1178159 1178231 1178521 
1178641 1178689 1178809 1179649 1179839 1180031 1180369 1181039 
1181209 1181329 1181519 1181759 1181879 1181881 1182431 1182889 
1183031 1183199 1183271 1183561 1183729 1184399 1185071 1185241 
1185361 1185551 1185601 1185791 1186079 1186249 1186441 1186631 
1186751 1187089 1187471 1187639 1187761 1188049 1188071 1188289 
1188601 1188721 1188769 1189151 1189271 1189751 1189801 1189919 
1190159 1190279 1190591 1190809 1190831 1190951 1191119 1191431 
1191481 1192271 1192679 1192969 1193161 1193329 1193351 1193761 
1194311 1194601 1194769 1194959 1195031 1195489 1195681 1195849 
1195991 1196281 1196329 1196471 1196521 1196999 1197121 1197289 
1197479 1198151 1198201 1198511 1198679 1198849 1198991 1199351 
1199521 1199689 1199999 1200191 1200359 1200361 1200839 1201201 
1201489 1201729 1201919 1202041 1202329 1202569 1202881 1203359 
1203841 1204271 1204561 1204681 1204729 1204871 1205089 1205231 
1205951 1206071 1206529 1206769 1206791 1207079 1207249 1207441 
1207751 1207919 1208089 1208209 1208399 1208591 1209121 1209239 
1209311 1209889 1210151 1210439 1210441 1210609 1210801 1211279 
1211281 1211999 1212119 1212241 1212649 1212671 1212839 1213081 
1213129 1213271 1213439 1213631 1213801 1213921 1214471 1214519 
1214639 1214641 1215311 1215359 1215649 1215769 1216009 1216151 
1216441 1216489 1216681 1216799 1216849 1216871 1217329 1217471 
1217521 1217831 1218121 1219129 1219679 1219849 1219991 1220041 
1220689 1221049 1221239 1222679 1222729 1222751 1223039 1223161 
1223329 1223351 1223569 1223591 1223879 1224169 1224599 1224889 
1225009 1225559 1225729 1225849 1225871 1226111 1226711 1227241 
1227719 1227769 1227911 1228391 1228441 1228631 1228919 1229209 
1230071 1230311 1230479 1230599 1230769 1231129 1231319 1232809 
1232831 1232999 1233121 1233241 1233409 1233431 1233599 1234271 
1234439 1234511 1234799 1234969 1235761 1235929 1236479 1236481 
1236769 1236791 1236959 1237031 1237151 1237199 1237441 1237849 
1238449 1238521 1238999 1239001 1239311 1239361 1239529 1239551 
1239671 1239839 1240009 1240319 1240391 1240511 1240559 1240991 
1241159 1241351 1242191 1242359 1242361 1243369 1243511 1244039 
1244041 1244401 1244591 1244759 1244879 1245001 1245169 1245191 
1245551 1245719 1245721 1246081 1246199 1246249 1246561 1247089 
1247231 1247401 1247569 1247761 1247879 1247951 1248119 1248239 
1248241 1248529 1248551 1249201 1249559 1249631 1249799 1249921 
1250281 1250449 1250471 1250761 1250929 1251071 1251121 1251431 
1251911 1251961 1252079 1252129 1252151 1252439 1252609 1252729 
1252751 1252991 1253111 1253279 1253401 1253591 1253831 1253951 
1253999 1254119 1254241 1254791 1254839 1254959 1255081 1255129 
1255249 1255321 1255679 1255799 1255801 1256161 1256279 1256809 
1257119 1257359 1257959 1258151 1258319 1258441 1258681 1258871 
1259039 1259329 1259639 1259689 1260121 1260169 1260361 1260551 
1260719 1260841 1261801 1261969 1262231 1262519 1262881 1263071 
1263191 1263239 1264199 1264561 1265041 1265519 1266191 1266241 
1266359 1266409 1266431 1266719 1266841 1267009 1267199 1267681 
1268039 1268279 1268929 1269119 1269239 1269241 1269529 1269911 
1270079 1270201 1270249 1270391 1270441 1270559 1270609 1271089 
1271399 1271449 1271471 1271929 1272049 1272071 1272289 1272961 
1273561 1273609 1273729 1273919 1274111 1274401 1274759 1275121 
1275839 1276129 1276271 1276511 1276631 1276679 1276969 1277761 
1278191 1278479 1278481 1278601 1278769 1279319 1279321 1279609 
1279871 1280159 1280161 1280281 1281551 1281961 1282009 1282201 
1282511 1282681 1282969 1283159 1283521 1283831 1283881 1284889 
1285199 1285511 1285679 1285871 1286039 1286209 1286569 1286711 
1286881 1287431 1287551 1287841 1288009 1288249 1288439 1288559 
1288849 1288871 1288921 1289039 1289111 1289231 1289401 1289711 
1290551 1290719 1290791 1291079 1291249 1291369 1291391 1291799 
1292089 1292281 1292591 1292639 1293239 1293961 1294129 1294561 
1294609 1294729 1295159 1295279 1295809 1296409 1296481 1296649 
1296839 1297129 1297249 1297271 1297631 1297799 1298111 1298161 
1298279 1298329 1298351 1298641 1298809 1298951 1299169 1299359 
1299601 