5113 6271 9973 12007 14407 15679 18307 19843 
21787 24007 26701 28807 34303 34513 36217 37507 
38461 39199 39373 44491 47653 49003 50221 51853 
51907 63913 64279 65617 67219 71389 75577 76831 
78643 81853 89653 91381 92623 104851 106669 107323 
107563 108007 109357 109663 114889 114901 117163 122743 
123121 127507 132541 132763 133447 138571 142183 143263 
144289 147163 148147 148627 149197 151903 156307 158359 
159739 159853 163567 164419 174763 180007 182047 184999 
187171 190537 191137 194431 194869 203653 205441 205507 
206779 207997 208519 209263 209563 210913 214849 218749 
221101 223507 223963 224629 224737 232861 236737 238423 
243031 244261 245653 246739 250057 259783 266137 269527 
273253 275263 281167 281251 282307 284227 285421 285757 
285781 289099 292807 296137 297691 297931 298159 301039 
302299 303151 305419 306139 306511 308491 308857 311533 
314059 314407 315631 316153 317839 322999 324637 325231 
326863 326941 327823 328063 328651 333019 333283 340111 
340933 340939 344209 344653 348307 352267 352579 354667 
354997 356023 357211 357913 360007 362191 363211 366853 
368647 372751 374953 377563 378253 382939 384151 385291 
385531 387721 388879 389269 394729 397057 401029 403951 
407899 411067 411919 413653 414721 416011 420811 425839 
428083 428677 429277 430009 433099 434407 434761 435889 
437677 438253 438661 441877 442147 443563 444463 445537 
448003 449677 455167 455263 455737 455881 460891 469411 
470731 471673 472399 474307 475759 476737 479263 479821 
487933 492103 493993 495211 497041 499117 503791 504619 
504727 506449 509221 509737 514831 515677 520957 521137 
524149 524509 525199 526159 526441 529999 530653 530983 
531331 536059 540877 541711 542251 544807 544813 548719 
554677 555739 556261 556537 556639 558241 559369 560227 
561097 562831 572251 573253 581137 583543 584659 584677 
584971 585043 586939 589507 593143 595087 597049 600877 
605239 606493 606811 606829 607549 609043 609277 611263 
612583 615187 618031 618547 619537 619543 619897 620731 
624469 624859 631843 633967 635809 636343 645739 646267 
648709 648997 649921 649981 651043 651913 662491 663127 
663853 665419 677473 679369 679741 680431 680623 684559 
689551 689869 692059 692779 693877 694609 699631 702439 
704719 710443 714991 716137 721213 722881 723133 725149 
727843 735271 735391 735919 736951 738211 741709 745141 
747619 754627 754651 760537 766273 766531 768199 768343 
768613 769273 770047 771019 771073 773491 775273 776887 
779563 786307 787993 789829 791137 794407 794569 796063 
804007 804073 804619 805297 806737 813199 814609 817273 
818959 821551 821851 822667 827461 827833 834151 837673 
850387 853843 854479 856813 858307 859603 863179 865483 
866653 867571 871531 872143 880729 881191 883237 885919 
885943 888961 891061 895507 897877 898327 898483 899263 
899851 905299 912007 913309 915613 921889 924283 925039 
928111 928933 931543 938089 940879 954277 957169 962503 
962587 962671 965401 965677 967843 970867 970969 971029 
978853 982603 989803 992449 993367 996187 996571 997273 
998917 1001467 1009537 1014457 1016881 1022059 1024477 1027459 
1029277 1030411 1032007 1032067 1032463 1037653 1043929 1044877 
1048063 1048123 1048273 1050391 1057129 1058059 1058179 1059073 
1059733 1060567 1061623 1064737 1065091 1065217 1066867 1068559 
1080553 1082317 1083319 1087543 1089133 1092433 1095727 1102537 
1103107 1104079 1108867 1108957 1110427 1114891 1121539 1121737 
1122139 1127263 1130359 1132567 1133071 1135921 1137547 1138171 
1139911 1142677 1147759 1155151 1156807 1165273 1168039 1168501 
1170031 1170193 1171477 1178197 1180537 1185367 1188763 1190701 
1190821 1191061 1192069 1192549 1192909 1194421 1194493 1195189 
1195741 1196029 1196359 1198621 1200007 1200109 1201309 1209469 
1210021 1212361 1213327 1215349 1215439 1216759 1217269 1221391 
1221907 1223119 1224943 1227181 1227379 1227949 1229311 1229689 
1230301 1233181 1236073 1243141 1244989 1246351 1248781 1252063 
1253251 1253701 1256587 1259677 1262929 1267429 1269871 1272343 
1277911 1279507 1279813 1280101 1281739 1288117 1290853 1294999 
1295263 