14449 32089 55609 57649 65881 75289 96769 98809 
132001 132049 139969 147289 148201 152041 155521 170809 
184969 195241 196681 211969 230449 232801 234361 236329 
238681 239929 244561 247249 248089 275521 297481 304609 
320209 360049 365929 376609 390721 401209 402529 427081 
450361 450601 468241 475441 477409 514249 517729 520921 
526681 532561 534241 557449 565489 567961 575401 579961 
590641 596569 629449 688969 706561 709321 710089 710641 
710929 712489 715801 720241 732169 733489 737641 745201 
755329 758041 762721 765409 766609 779521 782329 784561 
789121 809929 823489 840289 847009 847729 849241 852289 
856081 859849 871249 914449 919969 921001 924361 927529 
929881 935761 942169 946681 958609 968689 983329 988681 
996361 998281 1009201 1012201 1016401 1029361 1038529 1039249 
1049281 1050169 1057249 1076329 1081369 1088761 1100569 1102249 
1119049 1124209 1132009 1144081 1150081 1150489 1155841 1158529 
1172329 1174681 1177129 1191409 1200889 1212121 1222561 1232401 
1239961 1242889 1251721 1269601 