[38371, 3107971]    True    [1, 1, 0]
[43651, 392851]    True    [1, 1, 0]
[45497, 318473]    True    [2, 3, 3]
[49171, 245851]    True    [1, 1, 0]
[49603, 1636867]    True    [1, 1, 1]
[50221, 5005261]    True    [2, 1, 1]
[50497, 353473]    True    [4, 5, 6]
[52711, 474391]    True    [0, 1, 0]
[53507, 1979723]    True    [1, 0, 1]
[53773, 699037]    True    [2, 1, 2]
[56197, 393373]    True    [2, 1, 2]
[57571, 287851]    True    [1, 1, 0]
[59119, 295591]    True    [0, 1, 0]
[61751, 802751]    True    [0, 0, 0]
[65323, 1807243]    True    [1, 1, 1]
[65381, 457661]    True    [2, 2, 0]
[67933, 271729]    True    [2, 1, 2]
[69067, 253243]    True    [1, 1, 1]
[70321, 210961]    True    [2, 1, 3]
[71011, 3763531]    True    [1, 1, 0]
[72091, 264331]    True    [1, 1, 0]
[73291, 1832251]    True    [1, 1, 0]
[76651, 12034051]    True    [1, 1, 0]
[78031, 390151]    True    [0, 1, 0]
[78079, 390391]    True    [0, 1, 0]
[79901, 2956301]    True    [2, 2, 0]
[81421, 244261]    True    [2, 0, 1]
[86311, 119191]    True    [0, 1, 0]
[87679, 438391]    True    [0, 1, 0]
[88261, 176521]    True    [2, 0, 1]
[88741, 266221]    True    [2, 0, 1]
[90397, 632773]    True    [2, 0, 2]
[90511, 142231]    True    [0, 1, 0]
[93701, 5715701]    True    [2, 2, 1]
[94291, 471451]    True    [1, 1, 0]
[97327, 129769]    True    [0, 1, 1]
[97651, 110251]    True    [1, 1, 0]
[103141, 206281]    True    [2, 0, 0]
[105751, 423001]    True    [0, 1, 0]
[111253, 333757]    True    [2, 0, 2]
[114973, 344917]    True    [2, 0, 2]
[115429, 1731421]    True    [2, 0, 0]
[115831, 270271]    True    [0, 1, 0]
[116131, 647011]    True    [1, 1, 0]
[116731, 583651]    True    [1, 1, 0]
[117721, 235441]    True    [0, 2, 2]
[117973, 353917]    True    [2, 1, 2]
[118543, 474169]    True    [0, 1, 1]
[118861, 2020621]    True    [2, 0, 1]
[120103, 480409]    True    [0, 1, 1]
[120511, 2048671]    True    [0, 1, 0]
[120661, 241321]    True    [2, 1, 1]
[122173, 366517]    True    [2, 1, 2]
[123701, 742201]    True    [2, 2, 0]
[125053, 375157]    True    [2, 1, 2]
[125101, 208501]    True    [2, 0, 0]
[125141, 150169]    True    [2, 2, 0]
[125221, 1377421]    True    [2, 1, 1]
[125407, 961447]    True    [0, 1, 1]
[127453, 382357]    True    [2, 0, 2]
[128311, 641551]    True    [0, 1, 0]
[128971, 816811]    True    [1, 1, 0]
[129277, 2197693]    True    [2, 1, 2]
[131477, 920333]    True    [2, 2, 2]
[137191, 548761]    True    [0, 1, 0]
[137251, 549001]    True    [1, 1, 0]
[137413, 1511533]    True    [2, 1, 2]
[139457, 976193]    True    [5, 6, 6]
[139591, 697951]    True    [0, 1, 0]
[144031, 720151]    True    [0, 1, 0]
[145861, 291721]    True    [2, 1, 0]
[146173, 438517]    True    [2, 0, 2]
[146581, 1026061]    True    [2, 0, 1]
[146701, 440101]    True    [2, 0, 0]
[147541, 295081]    True    [2, 1, 1]
[148723, 594889]    True    [1, 1, 1]
[149143, 596569]    True    [0, 1, 1]
[149491, 747451]    True    [1, 1, 0]
[149893, 449677]    True    [2, 0, 2]
[154937, 1084553]    True    [1, 3, 3]
[155717, 1090013]    True    [2, 2, 2]
[156841, 470521]    True    [2, 1, 2]
[158209, 184577]    True    [7, 8, 8]
[158269, 4906309]    True    [2, 0, 1]
[161461, 322921]    True    [2, 0, 1]
[162277, 2920969]    True    [2, 1, 2]
[163861, 327721]    True    [2, 1, 1]
[165317, 1157213]    True    [2, 2, 2]
[167311, 270271]    True    [0, 1, 0]
[168211, 264331]    True    [1, 1, 0]
[168781, 843901]    True    [2, 0, 0]
[169003, 676009]    True    [1, 1, 1]
[172243, 688969]    True    [1, 1, 1]
[174143, 2263847]    True    [0, 0, 1]
[175781, 1230461]    True    [2, 2, 1]
[176041, 440101]    True    [2, 0, 0]
[176551, 192601]    True    [0, 1, 0]
[177019, 885091]    True    [1, 1, 0]
[182131, 2367691]    True    [1, 1, 0]
[182899, 914491]    True    [1, 1, 0]
[182957, 1280693]    True    [2, 2, 2]
[183973, 551917]    True    [2, 1, 2]
[184111, 736441]    True    [0, 1, 0]
[184351, 921751]    True    [0, 1, 0]
[184997, 1294973]    True    [2, 2, 2]
[185491, 2411371]    True    [1, 1, 0]
[186733, 809173]    True    [2, 0, 2]
[187637, 1313453]    True    [2, 2, 2]
[188491, 4712251]    True    [1, 1, 0]
[188719, 3774361]    True    [0, 1, 0]
[189061, 1422061]    True    [2, 0, 0]
[189391, 192601]    True    [0, 1, 0]
[191551, 651271]    True    [0, 1, 0]
[192229, 2114509]    True    [2, 1, 1]
[194101, 659941]    True    [2, 0, 1]
[196003, 1241347]    True    [1, 1, 1]
[196291, 981451]    True    [1, 1, 0]
[197371, 986851]    True    [1, 1, 0]
[198281, 1387961]    True    [1, 3, 2]
[199501, 598501]    True    [2, 1, 0]
[199621, 399241]    True    [2, 0, 1]
[202061, 1212361]    True    [2, 2, 0]
[206887, 4344607]    True    [0, 1, 1]
[208843, 835369]    True    [1, 1, 1]
[211873, 635617]    True    [4, 4, 5]
[214051, 385291]    True    [1, 1, 0]
[214663, 337327]    True    [0, 1, 1]
[216103, 2809327]    True    [0, 1, 1]
[216451, 865801]    True    [1, 1, 0]
[217351, 391231]    True    [0, 1, 0]
[219871, 3737791]    True    [0, 1, 0]
[221941, 443881]    True    [2, 0, 0]
[221941, 1331641]    True    [2, 0, 0]
[221941, 1422061]    True    [2, 0, 0]
[225619, 1128091]    True    [1, 1, 0]
[226843, 356467]    True    [1, 1, 1]
[227111, 2952431]    True    [0, 0, 0]
[229213, 687637]    True    [2, 0, 2]
[230101, 2531101]    True    [2, 0, 0]
[231631, 3011191]    True    [0, 1, 0]
[233941, 367621]    True    [2, 0, 0]
[235813, 707437]    True    [2, 1, 2]
[236653, 709957]    True    [2, 0, 2]
[237973, 713917]    True    [2, 0, 2]
[238339, 1191691]    True    [1, 1, 0]
[240197, 1026293]    True    [2, 2, 2]
[242173, 380557]    True    [2, 0, 2]
[242591, 2911081]    True    [0, 0, 0]
[245173, 980689]    True    [2, 1, 2]
[247771, 908491]    True    [1, 1, 0]
[248299, 385291]    True    [1, 1, 0]
[248851, 647011]    True    [1, 1, 0]
[248971, 995881]    True    [1, 1, 0]
[250441, 751321]    True    [2, 2, 0]
[250963, 3262507]    True    [1, 1, 1]
[251221, 502441]    True    [2, 0, 0]
[255511, 2640271]    True    [0, 1, 0]
[257539, 1287691]    True    [1, 1, 0]
[257791, 3509911]    True    [0, 1, 0]
[259949, 1559689]    True    [2, 2, 0]
[260983, 1043929]    True    [0, 1, 1]
[261619, 1308091]    True    [1, 1, 0]
[261739, 1308691]    True    [1, 1, 0]
[269701, 809101]    True    [2, 1, 0]
[269791, 1348951]    True    [0, 1, 0]
[270271, 565111]    True    [0, 1, 0]
[271471, 1357351]    True    [0, 1, 0]
[271927, 2084767]    True    [0, 1, 1]
[272581, 545161]    True    [2, 0, 1]
[274693, 824077]    True    [2, 1, 2]
[274909, 3023989]    True    [2, 1, 1]
[277309, 462181]    True    [2, 0, 1]
[279991, 404431]    True    [0, 1, 0]
[281053, 1124209]    True    [2, 0, 2]
[281641, 1408201]    True    [1, 2, 2]
[286249, 715621]    True    [2, 0, 1]
[288733, 866197]    True    [2, 0, 2]
[290791, 387721]    True    [0, 1, 0]
[292441, 1900861]    True    [2, 0, 1]
[293221, 488701]    True    [2, 0, 0]
[293749, 1468741]    True    [2, 0, 1]
[295831, 1084711]    True    [0, 1, 0]
[295861, 1479301]    True    [2, 0, 1]
[297151, 1188601]    True    [0, 1, 0]
[297853, 1191409]    True    [2, 0, 2]
[300931, 816811]    True    [1, 1, 0]
[301141, 1204561]    True    [2, 1, 1]
[301459, 1507291]    True    [1, 1, 0]
[303013, 909037]    True    [2, 0, 2]
[310087, 841663]    True    [0, 1, 1]
[311653, 3116521]    True    [2, 1, 2]
[311821, 2806381]    True    [2, 1, 1]
[320431, 1602151]    True    [0, 1, 0]
[325027, 433369]    True    [1, 1, 1]
[325181, 1495829]    True    [2, 2, 0]
[330019, 1650091]    True    [1, 1, 0]
[330331, 519091]    True    [1, 1, 0]
[330661, 661321]    True    [2, 1, 1]
[336151, 784351]    True    [0, 1, 0]
[337021, 1422061]    True    [2, 0, 0]
[340999, 1704991]    True    [0, 1, 0]
[342469, 570781]    True    [2, 1, 0]
[344611, 541531]    True    [1, 1, 0]
[344791, 651271]    True    [0, 1, 0]
[345581, 457661]    True    [2, 2, 0]
[345769, 2074609]    True    [2, 0, 2]
[347059, 1735291]    True    [1, 1, 0]
[347173, 1041517]    True    [2, 0, 2]
[348259, 1741291]    True    [1, 1, 0]
[349121, 2443841]    True    [4, 6, 5]
[351401, 2459801]    True    [1, 3, 0]
[353611, 471481]    True    [1, 1, 0]
[355321, 710641]    True    [2, 0, 2]
[355363, 1421449]    True    [1, 1, 1]
[357211, 833491]    True    [1, 1, 0]
[362143, 1415647]    True    [0, 1, 1]
[364333, 1092997]    True    [2, 0, 2]
[368551, 565111]    True    [0, 1, 0]
[368773, 1106317]    True    [2, 1, 2]
[370891, 494521]    True    [1, 1, 0]
[371213, 1026293]    True    [2, 2, 2]
[372377, 2606633]    True    [2, 3, 3]
[377059, 1885291]    True    [1, 1, 0]
[382021, 764041]    True    [2, 1, 0]
[383869, 1919341]    True    [2, 1, 0]
[384253, 1152757]    True    [2, 1, 2]
