[74821, 32397061]    True    [2, 0, 0]
[116381, 11288861]    True    [2, 2, 0]
[135077, 12156841]    True    [2, 2, 2]
[147853, 9314677]    True    [2, 0, 2]
[159403, 86236483]    True    [1, 1, 1]
[181813, 13272277]    True    [2, 0, 2]
[184031, 13118711]    True    [0, 0, 0]
[187711, 12201151]    True    [0, 1, 0]
[199751, 11321831]    True    [0, 0, 0]
[207821, 45595709]    True    [2, 2, 1]
[237901, 5471701]    True    [2, 1, 1]
[249317, 7728797]    True    [2, 2, 2]
[255919, 5767999]    True    [0, 1, 0]
[270191, 6754751]    True    [0, 0, 0]
[271003, 5691043]    True    [1, 1, 1]
[274451, 23328251]    True    [1, 0, 0]
[278557, 7521013]    True    [2, 0, 2]
[296651, 3856451]    True    [1, 0, 0]
[302213, 12995117]    True    [2, 2, 2]
[303019, 6060361]    True    [1, 1, 0]
[307163, 3993107]    True    [1, 0, 1]
[319031, 3828361]    True    [0, 0, 0]
[328837, 9865081]    True    [2, 1, 2]
[329773, 4287037]    True    [2, 0, 2]
[337543, 17889727]    True    [0, 1, 1]
[343831, 5845111]    True    [0, 1, 0]
[349381, 6638221]    True    [2, 0, 0]
[354661, 6738541]    True    [2, 0, 0]
[357613, 3576121]    True    [2, 0, 2]
[368227, 6259843]    True    [1, 1, 1]
[368653, 5161129]    True    [2, 1, 2]
[377491, 3397411]    True    [1, 1, 0]
[383023, 8043463]    True    [0, 1, 1]
[389117, 2723813]    True    [2, 2, 2]
[392477, 49844453]    True    [2, 2, 2]
[405401, 2837801]    True    [0, 3, 2]
[406807, 6915703]    True    [0, 1, 1]
[415861, 3742741]    True    [2, 0, 1]
[417493, 5427397]    True    [2, 1, 2]
[423991, 10599751]    True    [0, 1, 0]
[425237, 2976653]    True    [2, 2, 2]
[430279, 26246959]    True    [0, 1, 0]
[432503, 5622527]    True    [0, 0, 1]
[433087, 9094807]    True    [0, 1, 1]
[438329, 2629969]    True    [2, 3, 2]
[441907, 9280027]    True    [1, 1, 1]
[443011, 115182601]    True    [1, 1, 0]
[448939, 2244691]    True    [1, 1, 0]
[450991, 2254951]    True    [0, 1, 0]
[453559, 2267791]    True    [0, 1, 0]
[455227, 3641809]    True    [1, 1, 1]
[456037, 3192253]    True    [2, 1, 2]
[456821, 14161421]    True    [2, 2, 0]
[464371, 20896651]    True    [1, 1, 0]
[465373, 3567853]    True    [2, 1, 2]
[470059, 2350291]    True    [1, 1, 0]
[470179, 2350891]    True    [1, 1, 0]
[470201, 3291401]    True    [2, 3, 2]
[470731, 2353651]    True    [1, 1, 0]
[471403, 2985547]    True    [1, 1, 1]
[472111, 2360551]    True    [0, 1, 0]
[473381, 2840281]    True    [2, 2, 0]
[475621, 3329341]    True    [2, 1, 0]
[476743, 6197647]    True    [0, 1, 1]
[476851, 62658091]    True    [1, 1, 0]
[477671, 17673791]    True    [0, 0, 0]
[478339, 2391691]    True    [1, 1, 0]
[481589, 2889529]    True    [2, 2, 1]
[484639, 2423191]    True    [0, 1, 0]
[486821, 6328661]    True    [2, 2, 0]
[487391, 11321831]    True    [0, 0, 0]
[490591, 2452951]    True    [0, 1, 0]
[492967, 5093983]    True    [0, 1, 1]
[495751, 3509911]    True    [0, 1, 0]
[497261, 3480821]    True    [2, 2, 1]
[497479, 2487391]    True    [0, 1, 0]
[500671, 2503351]    True    [0, 1, 0]
[504871, 2524351]    True    [0, 1, 0]
[505501, 4751701]    True    [2, 0, 0]
[507691, 2538451]    True    [1, 1, 0]
[508103, 6605327]    True    [0, 0, 1]
[510989, 3065929]    True    [2, 2, 0]
[514543, 2058169]    True    [0, 1, 1]
[529349, 19056529]    True    [2, 2, 1]
[529531, 2118121]    True    [1, 1, 0]
[530339, 13258451]    True    [1, 0, 0]
[531263, 6906407]    True    [0, 0, 1]
[533821, 4194301]    True    [2, 1, 1]
[536971, 17720011]    True    [1, 1, 0]
[539167, 9165823]    True    [0, 1, 1]
[541711, 2708551]    True    [0, 1, 0]
[542323, 2169289]    True    [1, 1, 1]
[542719, 7778959]    True    [0, 1, 0]
[545437, 13272277]    True    [2, 0, 2]
[546151, 6553801]    True    [0, 1, 0]
[547291, 2736451]    True    [1, 1, 0]
[548143, 2192569]    True    [0, 1, 1]
[552031, 2760151]    True    [0, 1, 0]
[554233, 12747337]    True    [1, 2, 3]
[558421, 5025781]    True    [2, 0, 0]
[559421, 3915941]    True    [2, 2, 0]
[562147, 11805067]    True    [1, 1, 1]
[562663, 2250649]    True    [0, 1, 1]
[562901, 3940301]    True    [2, 2, 1]
[564271, 1918519]    True    [0, 1, 0]
[566971, 11906371]    True    [1, 1, 0]
[568231, 143762191]    True    [0, 1, 0]
[572683, 12026323]    True    [1, 1, 1]
[573763, 11475241]    True    [1, 1, 1]
[574597, 9768133]    True    [2, 1, 2]
[578191, 5203711]    True    [0, 1, 0]
[580357, 4062493]    True    [2, 1, 2]
[582011, 14550251]    True    [1, 0, 0]
[582223, 2328889]    True    [0, 1, 1]
[583981, 1751941]    True    [2, 1, 0]
[586051, 9962851]    True    [1, 1, 0]
[586189, 8792821]    True    [2, 1, 1]
[587551, 19389151]    True    [0, 1, 0]
[588437, 4119053]    True    [2, 2, 2]
[589231, 10016911]    True    [0, 1, 0]
[591847, 10061383]    True    [0, 1, 1]
[598159, 2990791]    True    [0, 1, 0]
[598711, 5388391]    True    [0, 1, 0]
[602551, 2048671]    True    [0, 1, 0]
[605893, 1817677]    True    [2, 0, 2]
[607261, 10323421]    True    [2, 1, 0]
[607357, 4251493]    True    [2, 1, 2]
[607933, 1823797]    True    [2, 1, 2]
[608743, 2434969]    True    [0, 1, 1]
[609461, 4266221]    True    [2, 2, 1]
[612317, 4286213]    True    [2, 2, 2]
[613337, 4293353]    True    [0, 3, 3]
[614773, 1844317]    True    [2, 0, 2]
[615751, 21304951]    True    [0, 1, 0]
[616261, 6778861]    True    [2, 1, 1]
[618979, 25378099]    True    [1, 1, 0]
[623269, 3116341]    True    [2, 0, 1]
[624487, 4995889]    True    [0, 1, 1]
[625489, 3127441]    True    [3, 3, 3]
[627269, 3763609]    True    [2, 2, 0]
[627811, 55247281]    True    [1, 1, 0]
[636931, 9129331]    True    [1, 1, 0]
[639091, 3763531]    True    [1, 1, 0]
[639151, 14956111]    True    [0, 1, 0]
[641411, 3440291]    True    [1, 0, 0]
[647131, 3235651]    True    [1, 1, 0]
[648061, 1944181]    True    [2, 1, 1]
[648433, 1945297]    True    [3, 3, 4]
[649261, 2380621]    True    [2, 0, 0]
[649639, 5767999]    True    [0, 1, 0]
[652291, 3107971]    True    [1, 1, 0]
[652723, 2610889]    True    [1, 1, 1]
[653311, 3266551]    True    [0, 1, 0]
[655111, 3275551]    True    [0, 1, 0]
[655559, 16388951]    True    [0, 0, 0]
[656371, 5907331]    True    [1, 1, 0]
[658069, 3290341]    True    [2, 0, 1]
[658111, 5922991]    True    [0, 1, 0]
[658873, 1976617]    True    [2, 0, 3]
[659539, 3297691]    True    [1, 1, 0]
[659611, 1832251]    True    [1, 1, 0]
[661393, 2645569]    True    [2, 3, 4]
[663821, 20578421]    True    [2, 2, 1]
[665053, 13966093]    True    [2, 1, 2]
[669271, 8700511]    True    [0, 1, 0]
[669301, 12716701]    True    [2, 1, 1]
[669913, 2009737]    True    [1, 1, 3]
[670261, 4021561]    True    [2, 1, 0]
[671431, 8728591]    True    [0, 1, 0]
[672283, 8739667]    True    [1, 1, 1]
[673381, 32397061]    True    [2, 0, 0]
[679171, 16979251]    True    [1, 1, 0]
[681221, 1634929]    True    [2, 2, 0]
[683407, 5239447]    True    [0, 1, 1]
[685339, 3426691]    True    [1, 1, 0]
[685631, 50050991]    True    [0, 0, 0]
[689851, 12034051]    True    [1, 1, 0]
[692191, 1845841]    True    [0, 1, 0]
[694651, 6251851]    True    [1, 1, 0]
[698263, 9077407]    True    [0, 1, 1]
[698923, 9085987]    True    [1, 1, 1]
[700103, 9101327]    True    [0, 0, 1]
[700591, 9107671]    True    [0, 1, 0]
[701719, 3508591]    True    [0, 1, 0]
[703033, 2109097]    True    [0, 2, 3]
[705751, 11997751]    True    [0, 1, 0]
[709871, 9228311]    True    [0, 0, 0]
[709981, 6389821]    True    [2, 0, 1]
[710911, 11058601]    True    [0, 1, 0]
[712219, 3561091]    True    [1, 1, 0]
[713311, 2853241]    True    [0, 1, 0]
[715453, 2146357]    True    [2, 0, 2]
[715877, 5011133]    True    [2, 2, 2]
[716351, 9312551]    True    [0, 0, 0]
[718169, 108443369]    True    [2, 3, 0]
[719119, 3595591]    True    [0, 1, 0]
[721261, 5048821]    True    [2, 1, 1]
[721351, 3847201]    True    [0, 1, 0]
[723493, 2170477]    True    [2, 1, 2]
[723901, 3619501]    True    [2, 0, 0]
[724597, 5072173]    True    [2, 0, 2]
[726331, 15252931]    True    [1, 1, 0]
[726701, 2403701]    True    [2, 2, 0]
[727063, 15268303]    True    [0, 1, 1]
[728941, 6560461]    True    [2, 1, 1]
[730901, 1607981]    True    [2, 2, 0]
[735571, 3677851]    True    [1, 1, 0]
[739273, 8131993]    True    [2, 0, 3]
[742897, 2476321]    True    [3, 3, 4]
[747421, 8221621]    True    [2, 1, 1]
[749197, 3496249]    True    [2, 0, 2]
[749461, 1498921]    True    [2, 0, 1]
[750157, 12752653]    True    [2, 0, 2]
[761711, 28183271]    True    [0, 0, 0]
[767323, 9975187]    True    [1, 1, 1]
[768613, 2305837]    True    [2, 1, 2]
[771031, 1799071]    True    [0, 1, 0]
[771461, 5400221]    True    [2, 2, 1]
[773821, 1547641]    True    [2, 1, 1]
[774811, 4907131]    True    [1, 1, 0]
[777919, 3889591]    True    [0, 1, 0]
[778879, 3894391]    True    [0, 1, 0]
[779011, 3895051]    True    [1, 1, 0]
[783557, 5484893]    True    [2, 2, 2]
[785773, 40074373]    True    [2, 1, 2]
[786271, 7076431]    True    [0, 1, 0]
[787469, 24411509]    True    [2, 2, 0]
[790021, 5530141]    True    [2, 1, 1]
[790861, 2372581]    True    [2, 1, 1]
[791443, 3165769]    True    [1, 1, 1]
[791899, 3959491]    True    [1, 1, 0]
[792679, 3963391]    True    [0, 1, 0]
[795797, 29444453]    True    [2, 2, 2]
[796141, 1592281]    True    [2, 1, 0]
[798691, 7188211]    True    [1, 1, 0]
[799021, 2130721]    True    [2, 0, 1]
[801809, 4810849]    True    [3, 4, 3]
[808693, 2426077]    True    [2, 0, 2]
[809101, 2427301]    True    [2, 1, 0]
[809297, 5665073]    True    [2, 4, 4]
[810343, 3241369]    True    [0, 1, 1]
[810853, 2432557]    True    [2, 1, 2]
[811351, 3245401]    True    [0, 1, 0]
[812173, 11370409]    True    [2, 0, 2]
[812599, 4062991]    True    [0, 1, 0]
[814237, 112364569]    True    [2, 0, 2]
[814991, 13118711]    True    [0, 0, 0]
[815933, 5135573]    True    [2, 2, 2]
[818281, 2454841]    True    [2, 1, 1]
[818959, 3158839]    True    [0, 1, 0]
[820213, 2460637]    True    [2, 1, 2]
[820427, 30355763]    True    [1, 0, 1]
[823117, 5761813]    True    [2, 0, 2]
[823399, 4116991]    True    [0, 1, 0]
[823621, 1647241]    True    [2, 1, 0]
[824081, 4944481]    True    [2, 4, 3]
[824683, 10720867]    True    [1, 1, 1]
[825301, 1650601]    True    [2, 1, 1]
[830551, 3986641]    True    [0, 1, 0]
[831221, 4987321]    True    [2, 2, 1]
[831757, 30774973]    True    [2, 0, 2]
[833717, 50022961]    True    [2, 2, 2]
[835831, 4179151]    True    [0, 1, 0]
[836677, 30957013]    True    [2, 1, 2]
[838471, 4192351]    True    [0, 1, 0]
[839051, 10907651]    True    [1, 0, 0]
[839911, 3359641]    True    [0, 1, 0]
[847933, 2543797]    True    [2, 1, 2]
[849061, 1698121]    True    [2, 1, 0]
[849727, 6514567]    True    [0, 1, 1]
[849829, 5098969]    True    [2, 1, 0]
[849943, 29181343]    True    [0, 1, 1]
[855199, 9977311]    True    [0, 1, 0]
[856813, 2570437]    True    [2, 0, 2]
[857221, 1714441]    True    [2, 0, 0]
[858433, 2575297]    True    [4, 5, 6]
[859037, 67004809]    True    [2, 2, 2]
[859783, 1351087]    True    [0, 1, 1]
[859787, 92856889]    True    [1, 0, 1]
[859933, 6592813]    True    [2, 1, 2]
[869461, 1738921]    True    [2, 1, 1]
[869461, 2608381]    True    [2, 1, 1]
[870911, 11321831]    True    [0, 0, 0]
[871531, 13944481]    True    [1, 1, 0]
[873541, 1455901]    True    [2, 1, 1]
[873721, 1747441]    True    [2, 1, 2]
[881591, 11460671]    True    [0, 0, 0]
[888133, 2664397]    True    [2, 0, 2]
[888247, 1184329]    True    [0, 1, 1]
[888541, 1777081]    True    [2, 1, 0]
[888983, 11556767]    True    [0, 0, 1]
[890107, 15131803]    True    [1, 1, 1]
[890231, 9436439]    True    [0, 0, 0]
[892351, 3509911]    True    [0, 1, 0]
[893383, 1403887]    True    [0, 1, 1]
[893549, 5361289]    True    [2, 2, 0]
[894193, 2682577]    True    [3, 3, 4]
[894427, 18782947]    True    [1, 1, 1]
[895171, 4475851]    True    [1, 1, 0]
[897067, 1196089]    True    [1, 1, 1]
[897067, 3289243]    True    [1, 1, 1]
[897781, 1795561]    True    [2, 0, 1]
[898231, 3592921]    True    [0, 1, 0]
[900061, 1800121]    True    [2, 1, 0]
[900821, 5404921]    True    [2, 2, 1]
[902437, 6317053]    True    [2, 1, 2]
[903451, 1626211]    True    [1, 1, 0]
[903547, 3313003]    True    [1, 1, 1]
[904489, 10401613]    True    [2, 1, 2]
[905197, 6336373]    True    [2, 1, 2]
[906229, 9968509]    True    [2, 0, 0]
[907957, 3329173]    True    [2, 1, 2]
[909437, 1405493]    True    [2, 2, 2]
[912559, 37414879]    True    [0, 1, 0]
[918751, 8268751]    True    [0, 1, 0]
[919253, 11950277]    True    [2, 2, 2]
[920539, 31605139]    True    [1, 1, 0]
[921677, 16590169]    True    [2, 2, 2]
[923929, 1385893]    True    [2, 1, 2]
[930409, 2326021]    True    [2, 1, 0]
[932431, 3729721]    True    [0, 1, 0]
[933293, 12132797]    True    [2, 2, 2]
[935861, 12166181]    True    [2, 2, 1]
[936283, 1807243]    True    [1, 1, 1]
[936511, 4682551]    True    [0, 1, 0]
[936679, 4683391]    True    [0, 1, 0]
[938071, 2188831]    True    [0, 1, 0]
[938659, 4693291]    True    [1, 1, 0]
[941461, 1882921]    True    [2, 0, 0]
[942607, 1256809]    True    [0, 1, 1]
[943699, 4718491]    True    [1, 1, 0]
[943801, 9202051]    True    [1, 1, 0]
[944893, 2834677]    True    [2, 0, 2]
[952771, 1832251]    True    [1, 1, 0]
[954131, 12403691]    True    [1, 0, 0]
[954181, 5005261]    True    [2, 1, 1]
[954853, 2864557]    True    [2, 1, 2]
[955813, 1216489]    True    [2, 1, 2]
[957211, 4594609]    True    [1, 1, 0]
[958141, 1916281]    True    [2, 1, 0]
[958141, 2235661]    True    [2, 1, 0]
[961957, 10581517]    True    [2, 0, 2]
[962197, 10584157]    True    [2, 0, 2]
[962791, 4813951]    True    [0, 1, 0]
[963301, 1926601]    True    [2, 1, 0]
[965989, 4185949]    True    [2, 0, 0]
[966781, 6767461]    True    [2, 1, 1]
[967261, 1934521]    True    [2, 0, 0]
[972991, 2270311]    True    [0, 1, 0]
[977971, 2347129]    True    [1, 1, 0]
[979651, 40165651]    True    [1, 1, 0]
[981809, 5890849]    True    [2, 4, 3]
[982363, 3929449]    True    [1, 1, 1]
[983491, 7867921]    True    [1, 1, 0]
[983791, 1311721]    True    [0, 1, 0]
[985741, 1971481]    True    [2, 1, 1]
[988963, 40547443]    True    [1, 1, 1]
[991381, 2974141]    True    [2, 0, 1]
[993367, 16887223]    True    [0, 1, 1]
[994093, 2982277]    True    [2, 1, 2]
[994621, 1422061]    True    [2, 0, 0]
[994709, 2419561]    True    [2, 2, 0]
[999269, 5995609]    True    [2, 2, 1]
[1000213, 3000637]    True    [2, 1, 2]
[1000333, 13004317]    True    [2, 1, 2]
[1000357, 11003917]    True    [2, 0, 2]
[1001173, 11012893]    True    [2, 1, 2]
[1001197, 11013157]    True    [2, 1, 2]
[1001569, 5007841]    True    [4, 4, 4]
[1002517, 7017613]    True    [2, 0, 2]
[1002821, 7019741]    True    [2, 2, 1]
[1002853, 11031373]    True    [2, 1, 2]
[1002973, 13038637]    True    [2, 1, 2]
[1003693, 3011077]    True    [2, 0, 2]
[1003957, 11043517]    True    [2, 0, 2]
[1004053, 11044573]    True    [2, 1, 2]
[1004981, 13064741]    True    [2, 2, 1]
[1005013, 3015037]    True    [2, 1, 2]
[1005241, 9047161]    True    [2, 0, 2]
[1006237, 10062361]    True    [2, 1, 2]
[1006237, 11068597]    True    [2, 1, 2]
[1006301, 7044101]    True    [2, 2, 1]
[1006949, 6041689]    True    [2, 2, 0]
[1006969, 11076649]    True    [2, 2, 2]
[1006969, 15104521]    True    [2, 2, 2]
[1007161, 9064441]    True    [2, 2, 0]
[1007401, 5037001]    True    [2, 1, 2]
[1007557, 7052893]    True    [2, 1, 2]
[1008181, 14114521]    True    [2, 1, 1]
[1008257, 7057793]    True    [6, 7, 7]
[1009061, 13117781]    True    [2, 2, 1]
[1009201, 6559801]    True    [2, 2, 2]
[1009301, 6055801]    True    [2, 2, 1]
[1009301, 7065101]    True    [2, 2, 1]
[1009781, 13127141]    True    [2, 2, 0]
[1009901, 13128701]    True    [2, 2, 0]
[1010917, 11120077]    True    [2, 0, 2]
[1011277, 7078933]    True    [2, 0, 2]
[1011973, 11131693]    True    [2, 1, 2]
[1012261, 10122601]    True    [2, 0, 1]
[1012597, 7088173]    True    [2, 0, 2]
[1013041, 15195601]    True    [3, 1, 3]
[1013053, 13169677]    True    [2, 1, 2]
[1013741, 7096181]    True    [2, 2, 1]
[1013993, 13181897]    True    [1, 3, 3]
[1014341, 7100381]    True    [2, 2, 0]
[1014821, 13192661]    True    [2, 2, 0]
[1014877, 7104133]    True    [2, 0, 2]
[1014973, 14209609]    True    [2, 0, 2]
[1015661, 13203581]    True    [2, 2, 1]
[1016173, 13210237]    True    [2, 0, 2]
[1016489, 6098929]    True    [2, 3, 2]
[1016621, 7116341]    True    [2, 2, 1]
[1017649, 15264721]    True    [3, 1, 1]
[1017997, 11197957]    True    [2, 0, 2]
[1018177, 10181761]    True    [5, 5, 6]
[1018217, 7127513]    True    [2, 3, 3]
[1018301, 7128101]    True    [2, 2, 1]
[1018301, 13237901]    True    [2, 2, 1]
[1018421, 13239461]    True    [2, 2, 1]
[1018957, 11208517]    True    [2, 1, 2]
[1019173, 13249237]    True    [2, 0, 2]
[1019273, 13250537]    True    [2, 3, 3]
[1019413, 11213533]    True    [2, 0, 2]
[1019533, 3058597]    True    [2, 0, 2]
[1019533, 13253917]    True    [2, 0, 2]
[1019657, 7137593]    True    [1, 3, 3]
[1020037, 7140253]    True    [2, 0, 2]
[1020137, 7140953]    True    [1, 3, 3]
[1020301, 10203001]    True    [2, 1, 1]
[1020361, 9183241]    True    [2, 2, 2]
[1020517, 7143613]    True    [2, 0, 2]
[1020853, 3062557]    True    [2, 1, 2]
[1021441, 9192961]    True    [8, 8, 7]
[1021457, 7150193]    True    [1, 4, 4]
[1021541, 13280021]    True    [2, 2, 0]
[1022033, 13286417]    True    [3, 4, 4]
[1022141, 7154981]    True    [2, 2, 0]
[1022501, 13292501]    True    [2, 2, 0]
[1022677, 7158733]    True    [2, 1, 2]
[1022773, 11250493]    True    [2, 1, 2]
[1023037, 11253397]    True    [2, 1, 2]
[1023461, 13304981]    True    [2, 2, 0]
[1023833, 13309817]    True    [1, 3, 3]
[1023857, 7166993]    True    [3, 4, 4]
[1024061, 13312781]    True    [2, 2, 1]
[1024357, 11267917]    True    [2, 0, 2]
[1024433, 13317617]    True    [3, 4, 4]
[1024901, 7174301]    True    [2, 2, 1]
[1024909, 10249081]    True    [2, 0, 1]
[1024957, 11274517]    True    [2, 1, 2]
[1025413, 3076237]    True    [2, 1, 2]
[1026073, 14365009]    True    [2, 2, 3]
[1026101, 13339301]    True    [2, 2, 0]
[1026253, 11288773]    True    [2, 1, 2]
[1026941, 13350221]    True    [2, 2, 0]
[1027693, 11304613]    True    [2, 1, 2]
[1028893, 13375597]    True    [2, 0, 2]
[1029013, 13377157]    True    [2, 0, 2]
[1029109, 10291081]    True    [2, 0, 0]
[1029277, 3774013]    True    [2, 1, 2]
[1029757, 11327317]    True    [2, 1, 2]
[1029953, 13389377]    True    [5, 6, 6]
[1030061, 7210421]    True    [2, 2, 1]
[1030441, 15456601]    True    [0, 2, 1]
[1030681, 9276121]    True    [1, 2, 2]
[1030933, 3092797]    True    [2, 1, 2]
[1031281, 9281521]    True    [3, 3, 3]
[1031309, 6187849]    True    [2, 2, 1]
[1031677, 7221733]    True    [2, 1, 2]
[1031741, 7222181]    True    [2, 2, 1]
[1031981, 13415741]    True    [2, 2, 0]
[1032341, 7226381]    True    [2, 2, 1]
[1032377, 7226633]    True    [0, 3, 3]
[1032949, 6197689]    True    [2, 1, 1]
[1033181, 7232261]    True    [2, 2, 0]
[1034317, 11377477]    True    [2, 0, 2]
[1034513, 13448657]    True    [3, 4, 4]
[1034861, 7244021]    True    [2, 2, 0]
[1035977, 7251833]    True    [0, 3, 3]
[1036117, 11397277]    True    [2, 1, 2]
[1036921, 3110761]    True    [2, 2, 2]
[1037053, 11407573]    True    [2, 0, 2]
[1037437, 11411797]    True    [2, 0, 2]
[1038001, 2076001]    True    [2, 3, 1]
[1038941, 7272581]    True    [2, 2, 0]
[1039421, 13512461]    True    [2, 2, 0]
[1039553, 13514177]    True    [5, 6, 6]
[1039681, 6757921]    True    [3, 4, 4]
[1039681, 10916641]    True    [3, 4, 4]
[1039901, 7279301]    True    [2, 2, 1]
[1040057, 7280393]    True    [2, 3, 3]
[1040381, 7282661]    True    [2, 2, 0]
[1040861, 13531181]    True    [2, 2, 0]
[1041373, 3124117]    True    [2, 0, 2]
[1041421, 6248521]    True    [2, 1, 1]
[1041553, 6943681]    True    [2, 1, 4]
[1041701, 7291901]    True    [2, 2, 1]
[1041757, 11459317]    True    [2, 1, 2]
[1042193, 13548497]    True    [3, 4, 4]
[1042333, 11465653]    True    [2, 1, 2]
[1042597, 7298173]    True    [2, 1, 2]
[1042901, 7300301]    True    [2, 2, 0]
[1043293, 13562797]    True    [2, 1, 2]
[1043897, 7307273]    True    [1, 3, 3]
[1043981, 13571741]    True    [2, 2, 1]
[1044397, 7310773]    True    [2, 1, 2]
[1044517, 11489677]    True    [2, 1, 2]
[1044733, 13581517]    True    [2, 0, 2]
[1044877, 11493637]    True    [2, 1, 2]
[1045117, 7315813]    True    [2, 0, 2]
[1045129, 15154357]    True    [2, 0, 2]
[1046677, 7326733]    True    [2, 0, 2]
[1046797, 11514757]    True    [2, 1, 2]
[1046897, 7328273]    True    [2, 4, 4]
[1047133, 13612717]    True    [2, 1, 2]
[1047157, 10471561]    True    [2, 0, 2]
[1048357, 7338493]    True    [2, 1, 2]
[1049173, 13639237]    True    [2, 0, 2]
[1049533, 3148597]    True    [2, 0, 2]
[1049821, 14697481]    True    [2, 0, 0]
[1049861, 7349021]    True    [2, 2, 0]
[1050997, 11560957]    True    [2, 1, 2]
[1051333, 13667317]    True    [2, 0, 2]
[1052417, 7366913]    True    [6, 8, 8]
[1053529, 12115573]    True    [2, 0, 2]
[1053953, 13701377]    True    [7, 8, 8]
[1055437, 11609797]    True    [2, 1, 2]
[1056241, 11618641]    True    [3, 3, 3]
[1056613, 11622733]    True    [2, 0, 2]
[1057541, 7402781]    True    [2, 2, 0]
[1058021, 7406141]    True    [2, 2, 1]
[1058677, 11645437]    True    [2, 0, 2]
[1059701, 7417901]    True    [2, 2, 0]
[1059733, 6711637]    True    [2, 0, 2]
[1060421, 13785461]    True    [2, 2, 0]
[1061261, 7428821]    True    [2, 2, 0]
[1061317, 11674477]    True    [2, 1, 2]
[1061393, 13798097]    True    [3, 4, 4]
[1061773, 3185317]    True    [2, 0, 2]
[1062169, 5310841]    True    [2, 2, 2]
[1062601, 13813801]    True    [2, 1, 0]
[1062701, 7438901]    True    [2, 2, 0]
[1062949, 6377689]    True    [2, 0, 0]
[1063457, 7444193]    True    [3, 5, 5]
[1063541, 6381241]    True    [2, 2, 0]
[1063837, 7446853]    True    [2, 0, 2]
[1064197, 7449373]    True    [2, 0, 2]
[1064689, 3726409]    True    [2, 2, 0]
[1065013, 11715133]    True    [2, 1, 2]
[1065277, 11718037]    True    [2, 0, 2]
[1065973, 13857637]    True    [2, 0, 2]
[1066141, 2132281]    True    [2, 1, 1]
[1067557, 7472893]    True    [2, 0, 2]
[1067777, 7474433]    True    [7, 8, 8]
[1067797, 11745757]    True    [2, 1, 2]
[1067893, 3203677]    True    [2, 0, 2]
[1068037, 11748397]    True    [2, 1, 2]
[1068377, 7478633]    True    [1, 3, 3]
[1068589, 6411529]    True    [2, 0, 1]
[1069217, 7484513]    True    [4, 5, 5]
[1069933, 13909117]    True    [2, 1, 2]
[1070621, 13918061]    True    [2, 2, 1]
[1070981, 7496861]    True    [2, 2, 0]
[1071157, 7498093]    True    [2, 1, 2]
[1071253, 3213757]    True    [2, 0, 2]
[1071341, 13927421]    True    [2, 2, 0]
[1071373, 11785093]    True    [2, 0, 2]
[1071841, 7502881]    True    [4, 3, 4]
[1071977, 7503833]    True    [2, 3, 3]
[1072433, 13941617]    True    [3, 4, 4]
[1072793, 13946297]    True    [2, 3, 3]
[1072933, 13948117]    True    [2, 0, 2]
[1073053, 3219157]    True    [2, 0, 2]
[1073053, 11803573]    True    [2, 0, 2]
[1073077, 7511533]    True    [2, 0, 2]
[1073077, 11803837]    True    [2, 0, 2]
[1073141, 7511981]    True    [2, 2, 1]
[1073141, 13950821]    True    [2, 2, 1]
[1073297, 7513073]    True    [3, 4, 4]
[1073381, 7513661]    True    [2, 2, 1]
[1074133, 7876969]    True    [2, 1, 2]
[1074253, 11816773]    True    [2, 0, 2]
[1074649, 4835917]    True    [2, 0, 2]
[1074649, 12358453]    True    [2, 0, 2]
[1074673, 10746721]    True    [2, 0, 4]
[1074701, 13971101]    True    [2, 2, 1]
[1074901, 10749001]    True    [2, 1, 0]
[1074973, 11824693]    True    [2, 1, 2]
[1075453, 3226357]    True    [2, 1, 2]
[1075577, 7529033]    True    [2, 3, 3]
[1075897, 10758961]    True    [2, 2, 3]
[1076077, 7532533]    True    [2, 0, 2]
[1076077, 11836837]    True    [2, 0, 2]
[1076893, 13999597]    True    [2, 1, 2]
[1077101, 14002301]    True    [2, 2, 0]
[1077977, 7545833]    True    [2, 3, 3]
[1078009, 12397093]    True    [2, 0, 2]
[1078813, 3236437]    True    [2, 1, 2]
[1079009, 6474049]    True    [4, 5, 4]
[1079173, 11870893]    True    [2, 0, 2]
[1079233, 15109249]    True    [5, 5, 6]
[1079297, 7555073]    True    [9, 11, 11]
[1079329, 5396641]    True    [4, 3, 4]
[1080341, 7562381]    True    [2, 2, 1]
[1080941, 14052221]    True    [2, 2, 0]
[1081477, 11896237]    True    [2, 0, 2]
[1081541, 14060021]    True    [2, 2, 1]
[1082209, 11904289]    True    [4, 3, 4]
[1082317, 11905477]    True    [2, 0, 2]
[1082881, 7580161]    True    [7, 8, 8]
[1083517, 11918677]    True    [2, 0, 2]
[1083613, 3250837]    True    [2, 1, 2]
[1083757, 11921317]    True    [2, 1, 2]
[1083941, 7587581]    True    [2, 2, 0]
[1084093, 11925013]    True    [2, 1, 2]
[1084301, 14095901]    True    [2, 2, 0]
[1084313, 14096057]    True    [2, 3, 3]
[1085197, 11937157]    True    [2, 0, 2]
[1086257, 7603793]    True    [0, 4, 4]
[1086361, 7604521]    True    [1, 2, 1]
[1086373, 3259117]    True    [2, 1, 2]
[1086493, 11951413]    True    [2, 0, 2]
[1086913, 15216769]    True    [5, 4, 6]
[1087061, 14131781]    True    [2, 2, 0]
[1087117, 7609813]    True    [2, 0, 2]
[1087249, 13590601]    True    [1, 2, 2]
[1087301, 7611101]    True    [2, 2, 0]
[1087357, 11960917]    True    [2, 1, 2]
[1088293, 14147797]    True    [2, 0, 2]
[1088533, 3265597]    True    [2, 1, 2]
[1088777, 7621433]    True    [2, 3, 3]
[1089133, 14158717]    True    [2, 1, 2]
[1089497, 7626473]    True    [2, 3, 3]
[1089757, 7628293]    True    [2, 1, 2]
[1089877, 7629133]    True    [2, 0, 2]
[1090181, 14172341]    True    [2, 2, 1]
[1090717, 11997877]    True    [2, 1, 2]
[1091413, 3274237]    True    [2, 1, 2]
[1091681, 6550081]    True    [4, 5, 3]
[1091917, 7643413]    True    [2, 1, 2]
[1092397, 12016357]    True    [2, 1, 2]
[1092853, 3278557]    True    [2, 0, 2]
[1093061, 7651421]    True    [2, 2, 1]
[1093441, 11481121]    True    [1, 3, 3]
[1093541, 7654781]    True    [2, 2, 0]
[1093541, 14216021]    True    [2, 2, 0]
[1094057, 7658393]    True    [2, 3, 3]
[1094161, 12035761]    True    [3, 2, 3]
[1094437, 12038797]    True    [2, 0, 2]
[1094897, 7664273]    True    [3, 4, 4]
[1096621, 13159441]    True    [2, 0, 0]
[1096817, 7677713]    True    [2, 4, 4]
[1097141, 7679981]    True    [2, 2, 1]
[1097293, 14264797]    True    [2, 0, 2]
[1097861, 7685021]    True    [2, 2, 1]
[1098101, 14275301]    True    [2, 2, 0]
[1098121, 12079321]    True    [2, 2, 2]
[1098133, 3294397]    True    [2, 1, 2]
[1098133, 12079453]    True    [2, 1, 2]
[1098233, 14277017]    True    [2, 3, 3]
[1099933, 3299797]    True    [2, 1, 2]
[1100557, 12106117]    True    [2, 1, 2]
[1100653, 14308477]    True    [2, 0, 2]
[1100773, 10640797]    True    [2, 0, 2]
[1100773, 12108493]    True    [2, 0, 2]
[1101517, 7710613]    True    [2, 1, 2]
[1101517, 12116677]    True    [2, 1, 2]
[1102181, 7715261]    True    [2, 2, 0]
[1102301, 14329901]    True    [2, 2, 1]
[1102333, 14330317]    True    [2, 0, 2]
[1102337, 7716353]    True    [8, 9, 9]
[1102553, 14333177]    True    [0, 3, 3]
[1102693, 3308077]    True    [2, 1, 2]
[1103293, 12136213]    True    [2, 1, 2]
[1103873, 14350337]    True    [10, 11, 11]
[1103981, 14351741]    True    [2, 2, 1]
[1104101, 7728701]    True    [2, 2, 0]
[1104373, 12148093]    True    [2, 0, 2]
[1104853, 12153373]    True    [2, 0, 2]
[1104941, 7734581]    True    [2, 2, 0]
[1105061, 7735421]    True    [2, 2, 1]
[1105193, 14367497]    True    [0, 3, 3]
[1105213, 12157333]    True    [2, 0, 2]
[1105609, 12161689]    True    [2, 2, 1]
[1105661, 7739621]    True    [2, 2, 0]
[1106317, 4794037]    True    [2, 1, 2]
[1106317, 15119653]    True    [2, 1, 2]
[1106621, 7746341]    True    [2, 2, 0]
[1107497, 7752473]    True    [2, 3, 3]
[1107593, 14398697]    True    [0, 3, 3]
[1107929, 6647569]    True    [2, 3, 2]
[1108573, 3325717]    True    [2, 0, 2]
[1109161, 5545801]    True    [2, 1, 2]
[1109393, 14422097]    True    [2, 4, 4]
[1109533, 3328597]    True    [2, 1, 2]
[1109629, 6657769]    True    [2, 1, 1]
[1109881, 9988921]    True    [2, 2, 2]
[1110617, 7774313]    True    [2, 3, 3]
[1111793, 14453297]    True    [3, 4, 4]
[1112077, 12232837]    True    [2, 1, 2]
[1112413, 3337237]    True    [2, 1, 2]
[1112413, 12236533]    True    [2, 1, 2]
[1112653, 14464477]    True    [2, 0, 2]
[1113221, 14471861]    True    [2, 2, 1]
[1113253, 14472277]    True    [2, 0, 2]
[1113373, 12247093]    True    [2, 1, 2]
[1113461, 7794221]    True    [2, 2, 1]
[1113701, 7795901]    True    [2, 2, 1]
[1113877, 7797133]    True    [2, 1, 2]
[1113877, 12252637]    True    [2, 1, 2]
[1114117, 12255277]    True    [2, 1, 2]
[1114541, 14489021]    True    [2, 2, 1]
[1114573, 12260293]    True    [2, 1, 2]
[1114661, 7802621]    True    [2, 2, 1]
[1114681, 12261481]    True    [2, 2, 2]
[1114837, 7803853]    True    [2, 0, 2]
[1115273, 14498537]    True    [2, 3, 3]
[1115501, 7808501]    True    [2, 2, 0]
[1116133, 14509717]    True    [2, 1, 2]
[1116749, 6700489]    True    [2, 2, 0]
[1117009, 12287089]    True    [3, 2, 3]
[1117117, 12288277]    True    [2, 0, 2]
[1117301, 14524901]    True    [2, 2, 0]
[1118041, 10062361]    True    [2, 1, 2]
[1118041, 12298441]    True    [2, 1, 2]
[1118861, 7832021]    True    [2, 2, 1]
[1118993, 14546897]    True    [3, 4, 4]
[1119241, 12311641]    True    [2, 0, 1]
[1120837, 12329197]    True    [2, 0, 2]
[1120957, 7846693]    True    [2, 0, 2]
[1120957, 12330517]    True    [2, 0, 2]
[1121621, 7851341]    True    [2, 2, 1]
[1122157, 7855093]    True    [2, 0, 2]
[1123093, 14600197]    True    [2, 0, 2]
[1123693, 14607997]    True    [2, 0, 2]
[1124209, 3091573]    True    [2, 0, 2]
[1124797, 7873573]    True    [2, 1, 2]
[1125013, 3375037]    True    [2, 0, 2]
[1125701, 7879901]    True    [2, 2, 1]
[1125941, 7881581]    True    [2, 2, 1]
[1126313, 14642057]    True    [0, 3, 3]
[1126357, 12389917]    True    [2, 0, 2]
[1126781, 14648141]    True    [2, 2, 0]
[1127153, 14652977]    True    [3, 4, 4]
[1127197, 12399157]    True    [2, 0, 2]
[1127381, 14655941]    True    [2, 2, 1]
[1128397, 12412357]    True    [2, 0, 2]
[1128821, 14674661]    True    [2, 2, 1]
[1129213, 12421333]    True    [2, 1, 2]
[1129213, 14679757]    True    [2, 1, 2]
[1129333, 3387997]    True    [2, 0, 2]
[1129333, 12422653]    True    [2, 0, 2]
[1129577, 7907033]    True    [2, 3, 3]
[1129717, 11297161]    True    [2, 1, 2]
[1130053, 14690677]    True    [2, 1, 2]
[1130621, 7914341]    True    [2, 2, 0]
[1130741, 7915181]    True    [2, 2, 0]
[1131157, 7918093]    True    [2, 0, 2]
[1131341, 14707421]    True    [2, 2, 1]
[1131701, 14712101]    True    [2, 2, 0]
[1131973, 12451693]    True    [2, 0, 2]
[1132321, 7926241]    True    [3, 4, 4]
[1132333, 3396997]    True    [2, 1, 2]
[1133053, 14729677]    True    [2, 0, 2]
[1133381, 14733941]    True    [2, 2, 0]
[1133621, 14737061]    True    [2, 2, 0]
[1133893, 14740597]    True    [2, 0, 2]
[1133897, 7937273]    True    [2, 3, 3]
[1134113, 14743457]    True    [4, 5, 5]
[1134877, 7944133]    True    [2, 1, 2]
[1134877, 12483637]    True    [2, 1, 2]
[1135217, 7946513]    True    [3, 4, 4]
[1136981, 14780741]    True    [2, 2, 1]
[1138673, 14802737]    True    [2, 4, 4]
[1138729, 5693641]    True    [2, 2, 1]
[1138957, 7972693]    True    [2, 0, 2]
[1139741, 7978181]    True    [2, 2, 0]
[1139773, 12537493]    True    [2, 1, 2]
[1140257, 7981793]    True    [4, 5, 5]
[1140721, 7985041]    True    [3, 3, 3]
[1141081, 12551881]    True    [2, 2, 1]
[1141477, 12556237]    True    [2, 1, 2]
[1141717, 12558877]    True    [2, 0, 2]
[1141813, 12559933]    True    [2, 0, 2]
[1141849, 5138317]    True    [2, 0, 2]
[1141901, 14844701]    True    [2, 2, 0]
[1142677, 8760517]    True    [2, 1, 2]
[1142917, 8000413]    True    [2, 0, 2]
[1143257, 8002793]    True    [0, 3, 3]
[1143341, 8003381]    True    [2, 2, 0]
[1143953, 14871377]    True    [3, 4, 4]
[1144357, 12587917]    True    [2, 1, 2]
[1144837, 12593197]    True    [2, 0, 2]
[1145021, 8015141]    True    [2, 2, 0]
[1145141, 8015981]    True    [2, 2, 1]
[1145293, 12598213]    True    [2, 0, 2]
[1145533, 14891917]    True    [2, 1, 2]
[1146037, 12606397]    True    [2, 0, 2]
[1146133, 3438397]    True    [2, 1, 2]
[1146133, 12607453]    True    [2, 1, 2]
[1147301, 14914901]    True    [2, 2, 0]
[1147453, 3442357]    True    [2, 1, 2]
[1148293, 3444877]    True    [2, 1, 2]
[1148293, 14927797]    True    [2, 1, 2]
[1148621, 8040341]    True    [2, 2, 0]
[1148981, 8042861]    True    [2, 2, 0]
[1149037, 8043253]    True    [2, 0, 2]
[1149229, 11492281]    True    [2, 1, 0]
[1149373, 3448117]    True    [2, 0, 2]
[1150249, 7476613]    True    [2, 1, 2]
[1151021, 8057141]    True    [2, 2, 1]
[1151021, 14963261]    True    [2, 2, 1]
[1151221, 2302441]    True    [2, 0, 1]
[1151317, 8059213]    True    [2, 0, 2]
[1151401, 10362601]    True    [0, 2, 2]
[1151413, 14968357]    True    [2, 0, 2]
[1151881, 8063161]    True    [2, 2, 2]
[1152037, 11520361]    True    [2, 1, 2]
[1152157, 8065093]    True    [2, 1, 2]
[1152517, 12677677]    True    [2, 0, 2]
[1152637, 8068453]    True    [2, 1, 2]
[1153337, 8073353]    True    [1, 3, 3]
[1153577, 8075033]    True    [0, 3, 3]
[1153597, 8075173]    True    [2, 1, 2]
[1153849, 5769241]    True    [2, 1, 2]
[1154173, 3462517]    True    [2, 1, 2]
[1154537, 8081753]    True    [1, 3, 3]
[1154893, 12703813]    True    [2, 1, 2]
[1155373, 3466117]    True    [2, 0, 2]
[1155461, 8088221]    True    [2, 2, 1]
[1155529, 5199877]    True    [2, 0, 2]
[1155529, 7510933]    True    [2, 0, 2]
[1155529, 10977517]    True    [2, 0, 2]
[1155733, 12713053]    True    [2, 1, 2]
[1155821, 8090741]    True    [2, 2, 1]
[1155953, 15027377]    True    [3, 4, 4]
