[10399, 51991]    True [0, 1, 0]
[11197, 14929]    True [2, 1, 2]
[11717, 82013]    True [2, 2, 2]
[12391, 161071]    True [0, 1, 0]
[13591, 18121]    True [0, 1, 0]
[14011, 70051]    True [1, 1, 0]
[14419, 264331]    True [1, 1, 0]
[17539, 87691]    True [1, 1, 0]
[17609, 105649]    True [1, 3, 2]
[20231, 34511]    True [0, 0, 0]
[20551, 119191]    True [0, 1, 0]
[22051, 110251]    True [1, 1, 0]
[24061, 48121]    True [2, 1, 1]
[26041, 316201]    True [1, 2, 1]
[27397, 191773]    True [2, 0, 2]
[27631, 174991]    True [0, 1, 0]
[30403, 121609]    True [1, 1, 1]
[31051, 44851]    True [1, 1, 0]
[31177, 239017]    True [2, 2, 3]
[34651, 110251]    True [1, 1, 0]
[34673, 72497]    True [3, 4, 4]
[35311, 192601]    True [0, 1, 0]
[35731, 92899]    True [1, 1, 0]
[37159, 50671]    True [0, 1, 0]
[37571, 72251]    True [1, 0, 0]
[37963, 151849]    True [1, 1, 1]
[38791, 142231]    True [0, 1, 0]
[41143, 164569]    True [0, 1, 1]
[41941, 125821]    True [2, 0, 1]
[47251, 110251]    True [1, 1, 0]
[78163, 122827]    True [1, 1, 1]
