431 8831 13751 19031 20231 21841 27361 27551 
33191 49031 52631 58631 77471 86111 90071 91921 
92641 104711 107351 110881 113591 119591 120551 123551 
127031 128831 141311 150001 151871 157991 161591 161831 
163151 166871 195791 196271 208991 214561 232751 233231 
243311 247991 269041 270791 275641 276191 295081 311951 
318191 318431 342481 342841 364271 370871 372241 392831 
409081 415201 427151 430511 431831 438721 466561 478391 
482641 483671 487561 489911 494761 497351 500111 510551 
515231 525191 525671 526871 532751 539761 547321 553681 
563041 568391 582551 588311 595081 599591 603311 603791 
607151 627841 635711 649081 653641 658991 664561 675551 
677231 683591 688871 689831 691871 703081 711001 715151 
724751 740951 741431 751631 763201 769081 774671 775871 
799921 799991 800231 802511 810671 820271 828431 842351 
849601 856391 860641 865511 866641 882241 886271 889871 
893351 894791 899161 917951 927361 929161 930071 932471 
938591 939791 963601 969911 971401 976991 981601 994271 
994391 999671 1022881 1023721 1025281 1026911 1032191 1043761 
1043951 1046711 1065791 1069631 1078031 1078081 1103281 1112351 
1122071 1125911 1126561 1134481 1143551 1150151 1173551 1182791 
1191191 1207511 1209841 1213271 1218911 1230071 1257071 1261801 
1264801 1281431 1289231 1290551 1293791 