4057 4513 5113 21577 22441 22777 28537 32713 
37201 38713 43441 46441 48313 55441 71233 71473 
76369 82657 83233 86257 87433 111721 116113 132961 
137353 142369 146857 151849 154321 154681 164617 171169 
181201 197089 203977 207673 210913 210961 215161 219001 
222337 223273 231241 236329 243889 246937 248593 250057 
251233 252193 252313 253081 254161 258241 259681 260713 
271177 274441 276721 278041 279913 280297 288481 306913 
316153 316297 318001 320833 327433 332617 334513 335953 
340801 350809 356137 359929 365809 369409 374929 387721 
400681 403681 405529 407257 419953 421009 425281 434593 
435529 436729 437977 440761 449833 468241 471073 471673 
474169 479473 484609 484777 498577 501841 506929 507697 
511177 515401 523729 527929 528097 534841 546289 551713 
554641 561097 567937 581137 592897 596569 597049 601897 
613849 620161 624601 625777 627433 637729 651913 654601 
663961 666697 671233 672097 681673 683041 684961 689113 
692017 699073 701761 704161 706561 708601 735673 742009 
743161 747673 762049 767089 770641 784153 791233 794569 
797353 805297 813577 827833 829249 835321 837673 858769 
859513 865681 866329 867577 891481 895777 898153 900121 
904441 905761 906793 907369 909217 912049 921073 924361 
926089 932761 935593 937801 956113 957169 963097 970297 
973129 974041 995593 995641 997897 998857 1004737 1016881 
1029001 1032433 1039153 1041553 1043929 1057033 1064737 1075681 
1077697 1078849 1100569 1125001 1126033 1132969 1135081 1135513 
1138273 1141321 1144081 1154017 1157929 1160977 1164841 1191769 
1196329 1198537 1200361 1204561 1204969 1221601 1224913 1230769 
1239961 1242841 1244041 1251577 1271161 1274353 1280737 1288009 
