307 439 499 643 727 919 997 1021 
1093 1399 1597 1933 2179 2203 2251 2287 
2341 2383 2671 2971 3181 3343 3373 3607 
3631 4339 5197 5323 6079 6091 6271 6301 
6967 7213 7639 7963 8011 8707 8779 8893 
9109 9277 9439 9931 9973 10429 10597 10651 
10957 11059 11149 11173 11551 11923 11971 12007 
12163 12343 12391 12421 12583 12799 12973 13003 
13063 13789 14197 14407 14731 15271 15619 15643 
15679 15973 17029 17383 17683 18133 18199 18307 
18661 19087 19531 19687 19699 19843 20143 20359 
20407 20707 20743 20959 21283 21517 21559 21787 
21799 22147 23143 23173 23773 24007 24091 24373 
24421 24469 24571 24877 25261 25621 25903 25981 
26083 26437 26701 26893 27109 27283 27427 27541 
27799 28069 28789 28807 29287 29599 29629 29683 
29803 29863 30187 30403 30427 30559 30949 31039 
31189 31219 31771 32971 33013 33223 33811 33871 
34303 34501 35059 35311 35317 35803 36067 36343 
36583 36637 36871 37309 37507 37879 38239 38287 
38461 38677 38803 39199 39373 39847 40429 40639 
41047 41131 41263 41467 41851 41947 42181 42187 
42223 42667 42787 42859 43003 43399 43591 43711 
43717 44203 44491 44623 44647 45691 45763 47251 
47629 47653 47797 47917 48157 48463 48589 49003 
49339 49477 49531 49711 49957 50221 50587 50773 
51109 51307 51853 51871 51907 52189 52363 52501 
52807 52861 52957 53269 53611 54367 54517 54679 
54973 55171 55351 55837 56197 56299 56443 56611 
57037 57829 58099 58237 58477 58831 59023 59053 
59077 59509 59779 60397 61231 61723 61981 62071 
62119 62383 62743 62971 62983 63691 63901 64279 
64627 64747 64783 65479 65731 66949 67021 67219 
67579 67723 67819 67843 68053 68821 69403 69829 
69859 70141 70207 70327 70423 70429 70627 70999 
71011 71059 71389 71443 71671 72043 72277 72727 
72931 73141 73363 74071 74197 74323 74413 74719 
74797 74923 75703 75991 76003 76423 76579 76597 
77167 77263 77527 77557 77899 78643 78691 78781 
78853 78901 79063 79357 79669 79693 81043 81421 
81463 81853 82039 82183 82231 83221 83227 83341 
83773 83983 84061 84199 85621 86011 86287 87013 
87739 88327 88591 88747 89653 89659 89839 90019 
90373 90439 90907 91243 91309 91381 91573 91957 
92143 92269 92311 92347 92623 92893 93199 93703 
93967 93997 94447 94597 94603 95107 95191 95467 
95479 95773 96469 96661 96763 97003 97171 97327 
97501 98047 98491 99349 99523 99823 100069 100267 
101203 101533 102199 102607 102643 103099 103387 103567 
104107 104323 104479 104623 104851 104947 105751 105871 
106219 106621 107227 107323 107563 107647 107827 107839 
108007 108187 108463 108499 108637 108643 109279 109357 
109663 110059 110527 110533 110629 111439 111493 111799 
112663 112687 112939 114487 114547 114901 115279 115783 
115981 116797 116989 117307 117541 117751 117787 117973 
117979 118399 118453 118621 119293 120319 120607 120619 
120847 121021 121333 121579 122131 122653 122743 123127 
123547 123853 124147 125029 125119 125659 125791 125821 
125959 126151 126397 126499 127507 127717 128221 128461 
128551 128563 128629 128659 128683 128923 129061 129223 
129763 129853 130147 130261 130267 130987 131149 131251 
131293 131731 131959 132541 132667 132739 132763 133087 
133447 133519 134059 134683 134947 135271 135283 135301 
135661 136471 136813 136987 137029 137119 137143 137383 
137827 137869 138139 138571 138799 139627 139663 139813 
139939 140071 140983 141619 141637 142183 143263 143419 
143467 144349 144709 144751 144931 145303 145879 146173 
146389 147163 147331 147451 147541 147661 147739 148147 
148627 148711 148957 149119 149197 149239 150223 150373 
150883 151783 151903 151939 152239 152293 152389 152623 
152899 152959 153271 153319 153511 153991 154579 154621 
155443 155461 155719 156139 156307 156421 156619 157189 
157351 157831 158359 158581 158647 159403 159739 159853 
160231 160243 160591 160711 160903 161059 161773 162451 
162691 162859 163909 164419 164701 164893 165079 165229 
166183 166303 166429 166669 167023 167077 167341 168037 
168253 169831 169987 170197 170371 170509 171541 171679 
171757 171811 171823 172981 172987 173191 173293 173347 
173491 173779 174469 174763 174877 175327 175453 175621 
176503 176509 177211 177493 177949 177967 178327 178621 
178909 178987 179083 179317 179623 179947 180007 180799 
181243 181459 181957 182047 182239 182443 182587 182839 
182851 182899 183037 183067 183301 183661 183823 183871 
184309 184447 184693 184999 185371 185467 186469 186709 
186733 186757 187069 187111 187171 187219 187963 188563 
189691 189757 189949 190051 190063 190339 190543 190837 
191047 191071 194083 194197 194431 194869 195103 195787 
195967 196051 196171 196303 197221 197311 197551 197947 
198391 198463 198997 199399 200371 201517 202747 203323 
203341 203461 203869 204367 204583 205477 205507 205519 
205651 205963 206047 206299 206779 207013 207127 207997 
208213 208459 208519 209203 209263 209563 209821 210037 
210139 210811 210823 211789 212587 212827 213079 213247 
214363 214783 215179 215563 215797 216211 216373 217351 
217387 217411 218287 218599 218719 218749 218989 220411 
220747 220771 220861 220933 221101 221509 221941 222349 
223087 223507 223963 224251 224527 224629 224869 225499 
225859 226267 226621 226819 227467 228223 228859 228901 
229309 229399 229423 229837 229963 230047 230107 230149 
230227 231067 231349 231613 231919 232333 232567 232861 
233341 233437 233923 234007 234499 234511 234547 234967 
234979 235117 235519 236659 237487 237619 237859 238141 
238207 238267 238423 239167 239893 240109 240349 240997 
241141 241663 241771 242467 242779 243031 243973 244021 
244147 244219 244261 244291 244339 244357 244381 244747 
244759 245269 245653 246637 246739 246979 247183 248167 
248203 248407 248971 249229 249973 250051 250423 250837 
251887 252223 252559 252667 253741 254869 255127 255181 
255253 255757 255973 256279 256363 257263 257293 257707 
258487 259123 259459 259783 260419 260791 261043 261061 
261757 262111 262237 262399 262411 263827 263899 263911 
264139 264301 264631 264643 264757 264763 265207 265567 
265717 265807 266029 266221 266647 266863 267541 267643 
267763 267829 269251 269527 269623 269683 269701 269923 
270229 270379 270493 270931 271027 271351 271357 271939 
272011 272989 273253 274471 274627 275263 275323 275419 
275719 276037 276079 276187 276343 276763 276781 276919 
277003 277309 277747 278347 278413 278611 278701 279211 
279511 279709 279991 280219 280549 280909 280933 280957 
281167 281251 281527 281647 281887 281923 282307 282589 
283117 283159 283267 284227 284731 284749 285421 285757 
285781 285949 286477 286999 287149 287347 287383 287731 
288007 288181 288427 288583 288877 288931 289099 289189 
289837 290083 290317 290347 290677 291253 291547 291751 
291979 292027 292183 292807 292819 292837 293071 293149 
293173 293599 293677 294211 295429 295567 295951 297487 
297691 297727 297931 298159 298237 298483 298693 299059 
299941 300229 300463 300691 301039 301051 301123 301429 
302167 302221 302299 302551 302959 303019 303151 303271 
304279 304357 304687 304879 304933 305419 306139 306511 
306763 306781 306829 307843 308101 308491 309391 309469 
309571 310333 310423 310507 310711 311323 311533 312211 
312349 312427 313669 314059 314263 314299 314407 314917 
315421 315589 315631 315643 315703 316087 316243 316699 
316819 316903 317743 317839 318523 318823 319069 320293 
321547 321619 322327 322459 322999 323509 324319 324589 
324637 324733 324931 325231 325939 326143 326863 326941 
327127 327133 327463 327469 327823 328063 328291 328651 
329143 329947 330133 331099 331549 331663 332263 332509 
332767 332851 333019 333271 333283 333349 333691 333757 
334423 334549 334603 334783 335383 335527 336031 336643 
337291 339067 339091 339373 339727 339799 340063 340111 
340933 340939 341269 341911 341983 343237 343243 343309 
343639 344653 344893 344917 345307 345739 346309 346867 
346891 346903 347131 347239 347983 347989 348043 348307 
348637 348763 349051 349471 349567 350029 350941 351061 
351133 351229 351517 351733 351859 351919 352267 352579 
352741 352831 352837 353179 353293 353317 353359 353389 
353767 353917 354373 354667 354979 354997 355669 355933 
356023 356533 356821 356989 357031 357211 357229 357781 
357829 358573 358879 359167 359563 359599 359869 360007 
360223 361093 361687 362191 362293 362371 363199 363211 
363691 364621 365791 366019 366517 366853 366997 367027 
367123 367243 368647 368947 369253 369661 369703 370003 
370021 370147 370213 370387 370423 370759 370891 371083 
371341 371359 371389 371509 371719 371851 372511 372637 
372667 372739 372751 373447 373669 373693 374287 374293 
375019 375103 375157 375757 375931 376003 376063 377197 
377287 377347 377563 377851 378253 378439 378463 378733 
379087 379207 379501 379699 380839 381487 381739 381859 
382069 382087 382357 382519 382843 382933 382939 383101 
383527 383659 383839 384067 384133 384151 384343 384487 
384619 385501 385531 386131 386587 386611 387007 387187 
388099 388363 388879 388903 389149 389167 389269 389437 
390223 390493 392101 392443 393709 394063 394549 395671 
395701 396679 396871 397183 397951 397963 397981 398557 
399067 399277 399493 399667 399727 400051 400069 400579 
400927 401029 401287 401311 403267 403567 403783 403951 
404197 404461 404773 405499 405703 406117 406579 407287 
407899 408019 409027 409267 409471 409639 409891 409951 
410551 410731 410983 411067 411919 412039 413167 413299 
413653 413863 414019 414259 414949 415879 415963 416011 
416071 416077 416821 416947 417127 417559 417931 418087 
418423 419491 420037 420691 420811 421279 421471 421639 
421807 422101 422311 422407 423427 423859 424339 424549 
424687 424867 425083 425443 425653 425839 427381 427597 
427621 427951 428083 428167 428551 428677 428851 429181 
429223 429277 429283 429463 429853 430093 430333 430579 
430789 430861 430981 431047 431107 431671 432199 432373 
432631 432727 432847 433099 433141 433207 433261 433981 
434347 434407 435139 435151 435181 435541 435709 436687 
436741 436999 437011 437533 437677 438253 438517 438661 
438853 439171 439459 439639 439891 440431 441247 441319 
441421 441607 441877 442147 442243 442327 443293 443563 
443587 443917 444109 444403 444463 445141 445789 446911 
448003 448111 448141 449287 449311 449563 449677 450019 
450127 450259 450493 451723 451747 451903 452443 452539 
452671 452983 453133 453301 453637 453703 453823 453931 
454501 454507 454627 454723 455263 456007 456367 456517 
456571 456949 457213 458047 458407 458791 459421 460099 
460171 460543 460891 461011 461407 461413 461677 462013 
462103 462307 462643 463237 463711 464467 464587 464767 
465133 465163 465331 465901 466171 466183 467869 468019 
468199 468253 468883 469411 470077 470299 470731 471301 
471403 471943 472123 472333 472399 472543 472687 473173 
473287 474037 474043 474307 474499 474541 474907 475693 
475759 475879 476647 476659 476863 477031 477229 477973 
478207 478453 478813 479239 479263 479419 479599 479821 
481051 481093 481879 481909 481963 482509 482941 483163 
483523 484117 485263 485959 486061 486331 486781 486943 
487387 487447 487933 489613 489679 490111 490771 490951 
491653 491773 492103 493021 493027 493111 493231 493279 
493747 493807 494191 494251 495181 495211 495277 495571 
495667 496339 497197 497323 497551 497719 497851 497869 
498301 498679 499021 499039 499117 499483 499687 499819 
500299 500911 501013 501691 501829 502093 502339 502771 
503131 503653 503791 504157 504619 504667 504727 505027 
506533 506887 507079 507523 507757 508237 508471 508951 
509221 510031 510199 510751 511039 511123 511279 512167 
512269 512443 512899 513013 514117 514309 514357 514831 
515149 515653 515677 515701 515773 515917 516541 516589 
516907 517711 518059 518509 519229 519931 520063 520423 
520813 520837 520957 521023 521527 521539 522469 522763 
523213 523597 523759 524149 524389 524509 525199 525247 
525373 525709 526069 526159 526453 526627 526957 527203 
527419 528823 528973 529603 529813 529999 530227 530251 
530293 530653 530983 531103 531331 531547 531877 532267 
532669 532951 532981 533191 533371 533509 534439 534511 
534571 535207 535219 535333 535351 535669 536023 536059 
536311 536791 536803 536923 536971 536989 537703 537811 
538147 538723 539347 539503 540511 540823 540877 541837 
541999 542251 542263 542461 543187 543859 543883 544021 
544183 544699 544807 544813 544927 545527 545863 545899 
546391 547093 548059 548719 549091 549163 549247 549331 
549379 549667 550309 550663 551671 551917 552397 552493 
552583 552751 552787 552847 552883 552991 553171 553687 
553789 554293 554503 554677 554893 555739 556261 556639 
556891 557611 558319 558661 558703 558973 559243 559747 
560227 560503 560719 560797 560863 561277 561439 561973 
562351 562501 562591 562831 563413 563551 564973 564997 
565261 566791 567493 567607 568471 570643 570853 571099 
571531 571579 571699 572251 572269 572749 572941 573253 
573763 573871 573967 574423 575203 575941 575959 576703 
577471 578581 579967 579973 580093 580471 580639 581731 
581797 582763 583207 583279 583339 583447 583459 583543 
584509 584599 584659 584677 584917 584971 585043 585883 
585919 586147 586471 586567 586837 586939 587101 587149 
587287 587539 587863 588199 588667 588703 589219 589453 
589507 590119 590839 591061 591127 591973 592387 592483 
593143 593149 593293 593707 594103 594367 594403 594469 
594667 594679 595087 595093 595927 596179 596227 596839 
596863 596899 597349 597367 597901 598099 598303 598711 
599143 600109 600877 601189 602083 602779 602971 603607 
603847 603859 603901 604759 605239 605347 605599 605893 
606493 606811 606829 607003 607213 607261 607471 607549 
607669 607813 607861 608029 608611 608851 609043 609277 
609307 609373 609709 610339 610933 611263 611791 612583 
612589 612727 613099 613741 614071 614143 614179 614413 
615187 615661 615751 615949 616117 616141 616843 616909 
617191 617707 618031 618547 619543 619603 619621 619813 
619819 620239 620623 620731 620887 621679 622051 622333 
623431 624031 624163 624469 624859 624973 625477 625591 
626749 627391 627667 628447 629203 629383 629467 629701 
630733 630967 631339 631843 632299 632557 632623 632647 
632851 632971 633067 633487 633757 633799 633967 634159 
634261 634519 634573 634597 634687 634747 635389 635731 
635917 635989 636061 636343 636967 637309 637327 637519 
637597 638767 639439 639547 640261 641203 641413 641623 
641749 641803 642739 642907 643021 643243 643957 644143 
644239 644671 645499 645739 646267 646309 646927 647293 
647743 647917 648259 648343 648709 648859 648997 649279 
649879 649981 650011 650347 650479 651043 651181 652087 
652207 652381 652591 652627 652723 653503 654229 654499 
655111 655267 655453 656023 656701 657589 658477 658639 
658783 659011 659047 660013 660727 660901 662143 662287 
662491 662839 663127 663589 663853 664099 664117 664603 
664621 664771 665131 665239 665419 666667 666751 667021 
667861 668509 668671 669283 669661 669679 669733 670627 
671533 671701 671851 672043 672103 672643 672667 673549 
674227 674419 674647 674683 675511 675859 676051 676147 
676597 676807 676987 677029 677791 678739 678883 679039 
679111 679219 679363 679741 679747 679837 680431 680443 
680623 680767 681067 681613 681631 681727 681943 682519 
682789 683071 683119 683299 683821 684091 684559 684757 
685051 685063 685723 686029 687637 688063 688453 688747 
689383 689551 689803 689869 689893 689959 690271 690607 
690661 691051 692059 692191 692467 692779 693403 693421 
693571 693877 694327 694357 694957 694999 695131 695323 
696181 696379 696517 697063 697579 697591 697687 698527 
699631 701629 702379 702439 703663 703903 704131 704419 
704719 705973 706003 707131 707437 708229 708493 708583 
708667 709117 709231 709663 709693 709843 709957 710389 
710851 710989 711307 711397 711679 711829 712093 712171 
712447 712669 712909 713077 713467 713563 713917 713941 
714151 714487 714517 714991 715159 715189 715303 715789 
715903 716143 716563 716917 717133 717271 717589 717631 
718303 718381 718411 718579 719197 719659 720847 721003 
721213 721291 721333 721381 722749 723133 723319 723391 
723799 724453 724459 724531 724747 725149 725749 725983 
726157 726331 727711 727843 728269 728383 728557 728647 
728839 729037 729139 729301 729367 729559 729571 729613 
730111 730789 731389 731503 732331 733237 733651 734347 
734443 734869 735139 735157 735271 735331 735391 735421 
735571 735751 735919 736111 736357 736381 736951 737263 
738211 738319 738811 739021 739171 739699 739813 741787 
741847 743203 745141 745231 745243 745621 745741 745837 
746287 746533 746659 746899 747619 749197 750133 750613 
751141 751357 751549 751711 751759 751879 751909 752083 
752413 752503 752821 753031 753187 754003 754627 754651 
755239 756571 756799 756919 757429 757699 758179 759571 
760117 760843 761863 761869 762571 762877 763699 764341 
764539 764893 765109 765151 766531 766651 766687 768199 
768301 768343 768541 768613 768727 768751 768931 769003 
769123 769597 769663 769999 770047 770101 771019 771109 
772279 773299 773491 773779 773803 774229 774643 774931 
775237 775309 775573 775669 776287 776887 777451 777877 
778927 779413 779563 780583 780667 780823 781519 781567 
782311 782443 782791 782941 784087 784213 785101 785839 
786013 786151 786271 786307 787747 787939 788677 788863 
789331 789511 789829 789967 790171 790291 790567 790957 
791443 791803 792109 792397 792643 792871 793207 793279 
794407 794491 795079 795517 796063 796141 796687 797851 
797869 799507 799543 800143 800221 800287 800599 800743 
800923 801247 801607 802933 803059 803749 804007 804523 
804619 804709 804943 805099 805111 805309 805891 806011 
806059 806269 807187 807463 807523 807571 807907 809101 
809323 809407 809437 809827 810151 810223 810349 810763 
811123 811411 811501 811819 811933 812359 812431 813199 
813847 814213 814399 814699 815527 817039 817147 818011 
818413 818821 818959 819487 819499 819811 819853 820117 
820279 820399 820459 821143 821173 821551 821677 821851 
821869 821941 822139 822631 822667 822691 822781 823219 
823621 823651 823789 824077 824437 824893 825613 825733 
826087 826303 826477 826669 826783 826957 827143 827443 
827461 827923 828901 829123 830131 830311 830551 830677 
831583 831757 832003 832747 832771 832957 833197 833893 
834151 835141 836131 836191 836347 836491 836701 837373 
837583 837679 837979 838069 838807 838909 839611 839653 
839899 840253 840991 841147 841447 841597 842293 842407 
842587 843331 843643 843883 845203 845983 846229 846271 
846667 846949 847339 847423 847549 848383 848467 849019 
849727 850207 850387 850933 851239 851359 851659 851677 
851749 853843 853933 853999 854467 854479 855061 855079 
855277 856351 856699 856813 857053 857107 858307 858427 
858757 859423 859477 859603 860029 861079 861109 861493 
861739 862117 862123 862651 862783 863179 863491 863509 
863959 864013 864211 864379 864541 864583 864613 865483 
865771 866083 866119 866197 866293 866581 866623 866653 
867259 867487 867547 867571 867733 868039 868459 868867 
869053 869179 869371 869599 869893 870739 870811 870847 
870871 870997 871303 871531 871789 872143 872269 873043 
873091 873541 874543 875389 875509 875803 876079 876181 
876229 877567 877843 878893 879007 879283 879391 880531 
880813 881029 881191 881197 881533 881983 882031 883231 
883237 883339 884371 885127 885607 885883 885919 885943 
886189 886387 886453 886741 886891 886981 887749 888469 
888931 889363 889957 890107 890119 890221 890887 890893 
891061 891151 891379 891679 891907 892159 892189 892579 
893407 893479 894181 894391 895159 895507 896587 897103 
897133 897301 897349 897781 897877 898171 898243 898291 
898327 898483 898543 898717 899263 900973 901063 901183 
901309 903751 904207 904219 904399 904459 904627 904759 
904879 904987 905227 905299 905647 905803 905917 905923 
906133 906589 906613 906823 907567 907831 907843 908053 
908359 908653 909037 909247 909679 909829 910003 910627 
911101 911419 911707 911893 911947 912007 912187 912349 
913039 913309 913327 913483 914461 915067 915613 915799 
917179 917659 918259 919423 919621 919903 919951 920011 
920053 920167 920539 920653 922423 922699 922861 923467 
923971 924283 924493 924499 925039 925597 925843 925987 
926623 927013 927631 928111 928429 928651 928933 929671 
929983 930571 931363 931543 932203 932317 932419 932587 
933061 933397 933787 934117 934543 934951 935107 935461 
935707 936493 936511 937351 937813 938059 938659 939181 
939973 940879 940981 941023 941179 941383 941839 942013 
942061 942583 942901 943213 943477 943567 943603 943837 
944191 944701 944731 945739 945811 946783 946861 947203 
947239 947389 947407 947539 947743 947911 948253 948469 
948907 949051 949147 949567 950179 950221 951109 951589 
951637 951781 952141 952957 953149 954103 954277 954319 
954379 954763 954847 955093 955477 955501 956083 956107 
957181 957247 958501 959149 959227 959263 959389 961981 
962503 962587 962653 962671 962839 963103 963559 963943 
964021 964213 964219 964531 965491 965611 965623 965677 
966583 967171 967261 967567 967831 967843 968239 968311 
970261 970303 970573 970867 970939 971029 971149 971197 
971821 971863 972031 972259 972469 972901 973099 973591 
973813 974383 974773 974887 974959 975439 976117 976231 
976351 977923 978079 978091 978853 978973 979093 979291 
979333 979519 980677 980851 981091 981979 982117 982603 
982741 982783 982867 984007 984307 984733 984859 985399 
985531 985759 985783 985819 986023 986101 986533 986941 
987079 987127 987991 988021 988051 988279 988909 989293 
989467 989647 989743 989803 990211 990469 990511 990547 
990589 991063 991723 992011 992023 992179 993367 993703 
993763 993907 993943 994027 994051 994363 994447 994813 
994879 995443 995623 996187 996571 996859 997219 998077 
998917 999067 1000039 1000303 1001107 1001173 1001467 1001659 
1001911 1002973 1003141 1003351 1003747 1004287 1004317 1005373 
1005391 1005661 1005883 1006861 1007179 1007599 1007719 1007731 
1007887 1008421 1008517 1008547 1008829 1009651 1010131 1010203 
1010263 1010407 1010719 1010749 1010767 1012147 1012189 1012279 
1013053 1013263 1013767 1014037 1014397 1015627 1016083 1016203 
1016941 1017439 1017613 1018291 1018309 1018447 1018789 1018903 
1018987 1018999 1020007 1020013 1020163 1020853 1021831 1022059 
1022467 1022797 1023643 1023871 1023943 1023991 1024339 1024477 
1024693 1025407 1025413 1025623 1025659 1025749 1026427 1026679 
1026829 1027459 1028221 1029103 1029277 1029403 1030039 1030219 
1030411 1030831 1031047 1031299 1032007 1032067 1032151 1032349 
1032463 1032583 1032607 1034071 1034239 1034419 1034443 1034581 
1035247 1035379 1036069 1036291 1036339 1036459 1037293 1037653 
1038421 1038727 1039543 1040191 1040419 1041349 1041511 1041517 
1041559 1041643 1041991 1042099 1042333 1042381 1042399 1043011 
1044079 1044187 1044727 1044781 1044877 1045003 1045021 1045123 
1045543 1046263 1046371 1046587 1046779 1047127 1048063 1048123 
1048549 1048837 1049623 1050391 1050739 1051639 1051879 1052083 
1052269 1053103 1053271 1053571 1054621 1054813 1055167 1055671 
1055839 1055893 1056007 1057579 1057699 1057741 1057831 1058059 
1058179 1058263 1058503 1058677 1059349 1059439 1059733 1060237 
1060357 1060453 1060567 1060597 1060747 1060963 1061143 1061317 
1061623 1061677 1062379 1063039 1063087 1063477 1063837 1063963 
1065091 1065709 1065733 1065829 1066231 1066237 1066789 1066867 
1066987 1068061 1068259 1068499 1068559 1068709 1068757 1069039 
1069639 1069687 1070287 1070389 1071229 1071487 1071787 1072459 
1072471 1073221 1073461 1074133 1074691 1075093 1075231 1075759 
1077607 1077733 1077751 1078471 1078711 1078927 1078951 1079059 
1079359 1079647 1080943 1081123 1081741 1081939 1082317 1082533 
1083307 1083319 1083451 1083949 1084357 1084429 1084543 1084981 
1085443 1085551 1085989 1086091 1086373 1086931 1087459 1087543 
1087789 1087963 1088371 1088707 1088839 1089091 1089103 1089133 
1089919 1090303 1090387 1090759 1090891 1090927 1091023 1091191 
1091269 1091749 1091983 1092103 1092733 1092997 1093327 1094299 
1094371 1094671 1094911 1094923 1095727 1095733 1095739 1096099 
1096423 1097293 1097323 1097359 1098967 1099117 1099279 1099669 
1099717 1099741 1099933 1100773 1101283 1101967 1102063 1102147 
1102483 1102693 1103029 1103107 1103119 1103371 1104079 1104343 
1104379 1104661 1104739 1104751 1105387 1105549 1105711 1105879 
1107109 1107619 1107727 1107823 1108507 1108867 1108957 1109533 
1109653 1110181 1110223 1110427 1110589 1110667 1110727 1110997 
1111333 1111351 1111867 1112131 1112143 1112581 1112611 1112731 
1112779 1113019 1113103 1113349 1113997 1114207 1114891 1115551 
1118797 1119091 1119607 1120459 1120831 1121173 1121509 1121539 
1121707 1122103 1122139 1122997 1123483 1123621 1123951 1124551 
1124659 1125139 1125811 1125823 1125907 1126387 1126831 1127011 
1127149 1127197 1127263 1127587 1127683 1127701 1128811 1128901 
1129459 1129789 1130359 1130413 1130581 1130827 1131271 1131307 
1132567 1133071 1133263 1133479 1133659 1134283 1135237 1135279 
1135327 1135483 1136299 1136623 1136983 1137547 1137613 1138171 
1138717 1138987 1139191 1139227 1139461 1139869 1139911 1139959 
1140319 1140439 1140487 1141219 1141531 1142389 1142431 1142677 
1142941 1143283 1143487 1143949 1144243 1144357 1144723 1144939 
1145143 1145509 1145533 1146391 1147459 1147567 1147669 1147711 
1147759 1148029 1148263 1148311 1148647 1149427 1150363 1150579 
1151287 1151443 1151779 1151911 1152181 1152391 1152589 1152757 
1152799 1152979 1153183 1154323 1154563 1155019 1155151 1156039 
1156261 1156807 1156927 1157131 1157179 1157341 1158007 1158271 
1158427 1158523 1159423 1160077 1160179 1160287 1161091 1161499 
1161547 1161703 1162099 1162789 1163947 1164343 1164811 1165183 
1165453 1165903 1166527 1166533 1167139 1168039 1168399 1168411 
1168501 1168771 1169023 1169323 1169683 1170031 1170277 1170583 
1171477 1173163 1173349 1173541 1174231 1174423 1174603 1174879 
1175077 1175173 1176391 1176787 1177087 1177147 1177219 1177243 
1177459 1177717 1178197 1178239 1178623 1179427 1179991 1180027 
1180507 1181023 1181767 1181839 1181911 1182031 1182043 1182283 
1183093 1183333 1183477 1183813 1184299 1184461 1185103 1185367 
1185823 1185931 1186099 1186117 1186621 1186963 1187227 1188559 
1188727 1188763 1188931 1189651 1189891 1190047 1190071 1190143 
1190701 1190821 1191031 1191061 1191499 1191613 1191781 1192069 
1192267 1192549 1192909 1192927 1192951 1193173 1194421 1194493 
1195189 1195741 1196347 1196359 1197103 1198411 1198621 1198861 
1200007 1200109 1200139 1200187 1200583 1200637 1201309 1201381 
1201843 1202629 1203151 1203487 1204243 1204363 1204447 1204453 
1204507 1204813 1205467 1205527 1206703 1207291 1209163 1209469 
1210021 1210483 1210747 1211179 1211389 1212187 1212709 1213327 
1213339 1213879 1213939 1214533 1215349 1215421 1215439 1216123 
1216459 1216591 1216759 1217269 1218949 1218991 1219411 1219843 
1220917 1221391 1221469 1221559 1221631 1221907 1222279 1222471 
1223119 1223323 1223749 1224079 1224709 1224943 1224967 1225117 
1225219 1225591 1225687 1225723 1226101 1226311 1226611 1226851 
1226899 1227181 1227379 1227463 1227637 1227949 1228099 1228327 
1228333 1228429 1228861 1229077 1229197 1229311 1229731 1229773 
1230301 1230637 1230739 1230907 1231357 1231387 1231597 1231687 
1231999 1232947 1233079 1233181 1233301 1233523 1235167 1235251 
1236307 1236751 1236787 1237063 1238407 1238719 1239103 1241407 
1241971 1243141 1243783 1243789 1243807 1244197 1244989 1245877 
1246303 1246351 1246477 1246573 1246867 1247599 1248451 1248691 
1248781 1248847 1249477 1250443 1251037 1251301 1251787 1251907 
1252063 1252123 1252663 1252903 1252987 1253023 1253251 1253701 
1253911 1254373 1254667 1255519 1255663 1255939 1256347 1256533 
1256587 1257853 1258087 1258819 1258927 1259029 1259287 1259677 
1260643 1261831 1261963 1262101 1262221 1262419 1262479 1262851 
1262917 1264303 1264819 1264903 1265779 1265959 1266523 1267429 
1268119 1268479 1268731 1269013 1269343 1269589 1269691 1269847 
1269871 1269907 1270063 1270573 1270933 1271029 1271167 1271239 
1271383 1272043 1272343 1272589 1273213 1273381 1273567 1273771 
1273981 1274011 1274989 1275283 1275667 1275823 1276711 1276771 
1277071 1277863 1278007 1278493 1278787 1279087 1279183 1279507 
1279813 1280101 1280659 1281541 1281667 1281739 1281853 1282117 
1282909 1283389 1283539 1283941 1284427 1284559 1284631 1284739 
1284763 1284823 1285429 1285741 1285789 1285981 1286323 1286533 
1287499 1287739 1287967 1288363 1288603 1288939 1290631 1290853 
1290907 1291219 1291387 1292563 1294639 1294957 1294999 1295131 
1295263 1295293 1295347 1296391 1296511 1296571 1296583 1296787 
1296877 1296973 1297063 1297171 1297243 1297447 1297651 1298551 
1298989 