577 937 1201 1801 2473 2593 2833 3529 
3673 4153 4801 5209 5233 6793 7393 7993 
8209 8233 9241 9337 9601 10177 10513 11329 
12241 12697 14401 14449 14593 14737 14929 15217 
15361 16249 17497 17737 17929 18121 18433 19417 
19441 19993 20641 20857 21313 21601 21961 24841 
25633 25849 26209 26497 26953 27961 28393 28513 
28657 28753 29017 29137 29209 29761 29833 30241 
30529 30937 31249 32089 32233 33073 33961 34849 
34897 35449 35809 37057 37273 37633 37897 38833 
39409 39841 40177 40993 41113 41257 41761 42193 
42433 42793 42937 42961 43753 44089 44257 45697 
46273 46681 46993 47161 48337 48673 48817 49057 
49393 49681 51241 51361 52249 52489 53017 53881 
54001 54577 55633 55681 56113 56857 57529 57601 
57697 58057 58129 58441 58537 58657 59473 60337 
60601 60889 61297 61657 62761 62929 63313 64489 
65257 65521 65881 66337 67489 67801 69193 69457 
69481 69697 70249 70537 70657 71089 72481 72577 
74017 74353 74449 74761 75217 75289 75937 77617 
77929 78049 78721 78889 79537 79801 80449 80761 
80809 82393 83089 83137 83737 83857 84313 84793 
86161 87553 88873 89017 89833 89977 92233 92353 
92569 93097 93553 93601 94273 94849 95617 95713 
96553 96769 98257 98713 98809 99817 100153 101281 
101833 102121 102337 102673 102793 103393 103801 106033 
106441 106753 110977 111121 111337 112921 113017 113761 
114073 115249 115873 116881 116953 117937 118369 119233 
119953 120097 120121 120193 120817 121441 121609 122833 
124153 124777 125497 125617 126601 128521 129457 129769 
129793 130057 130969 131041 131113 131449 132001 132049 
132313 133801 134089 134593 135241 135841 136057 136777 
139681 139801 139921 140449 141121 141481 141793 142537 
142969 143137 143281 143569 143953 144241 146953 147073 
147289 147481 148201 148633 148873 151681 151897 152833 
152857 153409 153457 154897 155521 156217 156601 157273 
157489 158161 158329 158881 159337 159673 161377 162889 
162937 163393 164377 164569 166081 166417 166849 168457 
168481 168673 169489 169657 170353 170689 170809 170953 
171481 171553 171793 172801 175753 175873 175897 175993 
176497 176809 176977 177409 177433 177913 179233 179497 
179689 181537 182209 182593 184369 184633 184777 184969 
185233 185833 186649 186793 187273 187921 188017 188473 
189433 190297 190369 191953 191977 192553 192889 193513 
193873 194353 194977 195241 196033 197233 198073 198553 
198769 199729 200017 200329 200689 201889 201937 203353 
203713 207073 207121 207241 207433 207457 207481 209089 
209569 210481 211153 211657 211969 212161 212209 213097 
213193 213337 213553 214033 214177 214993 215857 216217 
216553 217681 218521 218761 220009 221737 221953 222073 
224881 227257 227281 227473 227569 228913 228961 230017 
230449 230761 230929 231961 232417 232513 232801 233113 
233161 233713 233881 234121 234361 235441 236641 237073 
238657 238681 238921 239929 239977 240913 241921 242161 
244033 244177 244561 245257 245881 246121 246361 247249 
248089 248257 248569 249721 252457 254041 254209 254857 
254977 255049 255457 255961 257017 257497 259177 259201 
260209 260329 261697 262489 263401 263737 264289 265273 
266449 266953 267649 267721 267961 268297 268921 269209 
269257 270121 271273 271729 273697 273913 275521 276817 
278017 278689 278809 279073 279649 279817 280009 280129 
280681 280921 281233 282481 282577 282913 283873 284593 
284833 285673 285841 286009 286393 286777 286801 288241 
289273 290137 290233 290497 291457 292249 293617 294241 
295441 296041 296473 297481 297601 298681 298777 299137 
299329 299569 300193 300649 301057 301153 301681 301897 
302857 304153 305329 305353 305593 306193 306457 307033 
307129 308569 308713 308929 309193 310489 311137 311713 
312553 313009 313153 313921 314113 314497 315313 315361 
316177 316681 317089 317593 319849 319993 320209 320329 
320953 321073 321313 322969 323473 324697 324889 325153 
325249 325753 325993 326497 326881 328513 328753 328777 
330313 331369 331801 331897 332113 332161 332881 333457 
335809 337537 338017 338161 338449 338473 339673 340057 
340393 341041 341953 342673 344257 344353 345001 345193 
346873 347041 347329 347401 348937 350257 350281 350737 
351097 352201 352369 353329 353833 355009 355513 355777 
358297 358993 359137 359209 359377 360049 360289 360817 
361321 362377 362569 363481 364537 366721 367033 367849 
368737 369169 369793 370609 370873 372769 373297 373489 
374041 374641 374761 375457 376297 376609 376897 377593 
378601 378817 379273 380329 381937 382801 382873 383113 
388009 389401 390193 390721 390889 391801 392809 392857 
393097 393697 394249 394369 394969 395089 395737 396217 
396601 397729 398857 399577 399601 399913 400321 400657 
401209 401689 402529 404017 404713 405001 405577 407377 
407401 407857 408841 408913 409033 409441 409729 410353 
410401 411577 412249 412561 418273 418849 419473 420073 
420193 420457 421177 421273 421417 422113 422137 422353 
422377 423001 423601 423961 424129 425233 427081 427513 
427849 427969 428809 428977 429673 429817 430513 430897 
430921 431329 432121 433201 433369 434209 437401 438937 
438961 439849 441193 442633 443161 444001 444529 444817 
447193 447409 447793 448969 448993 449353 450361 450529 
450601 450817 451609 451753 452041 452377 452689 452953 
453913 455473 456457 457153 459817 459937 460633 460657 
462529 463033 464809 465337 466273 467017 467209 467329 
469561 469753 469801 471217 471481 472273 472921 473497 
475273 475297 475417 475441 475681 476233 476401 476713 
476929 478441 479377 480409 481153 481249 481513 481753 
481801 482401 483097 483937 484417 485041 485833 486697 
486817 488209 488401 488833 489241 489457 489961 490393 
490993 494521 496897 497689 498937 500041 500209 500953 
502729 503017 503593 503929 505033 505657 506689 506809 
507217 510529 511897 512137 512593 512761 512929 512977 
513481 513529 514009 515041 515929 516457 517177 517609 
517729 517873 518113 518521 518689 518761 519769 519889 
520393 520921 521377 521809 521881 522601 523417 524497 
525457 525529 525649 526681 527209 527281 527809 528313 
528433 529681 530329 530641 531673 532561 533713 533857 
534241 534913 536593 538561 539449 540697 541201 541537 
542497 543097 544009 544513 545617 545929 546361 546961 
547369 547753 548089 548761 549001 549553 549817 550441 
550801 551689 551809 552649 553369 553561 553897 555097 
555337 556441 556753 557329 557449 557761 557857 559777 
560281 560761 563377 563401 563809 564937 565393 565489 
566617 566737 566857 567961 568177 569137 569161 570217 
570841 572233 572329 574489 574969 577513 578401 580033 
582409 582433 582793 583153 583249 584377 584473 584737 
584809 585073 586129 586273 586801 589681 589873 589993 
590377 590641 590713 590929 591193 591553 591601 591673 
591937 592129 592393 593473 594313 594889 595129 597169 
597361 598057 598489 600073 600529 600697 601201 602233 
602377 602593 602689 603913 604057 604249 605233 605809 
607081 608497 609337 609913 610849 612649 612817 613009 
613297 613993 615577 616153 616393 616513 616537 619033 
619753 620233 621241 622729 623353 624049 624721 626929 
627073 627961 628561 628753 629137 629449 630433 631513 
632497 634273 634681 636673 636721 637297 637513 637873 
638857 638977 642937 643633 643849 644089 644257 644593 
644857 645049 645529 647113 647593 647617 648289 648961 
649849 650329 650833 651289 651697 652369 652969 653113 
654553 655849 656809 657529 658681 660529 660817 661777 
663097 663601 664441 665113 665713 665761 665953 666073 
666889 666937 667081 667321 667561 667921 668761 669289 
669577 669673 669913 670177 670321 672073 672913 674833 
674929 675313 676009 676057 676993 677737 679633 679897 
680809 682009 682417 682657 683257 683857 684889 685057 
685177 685393 685417 686041 686473 686761 688297 688729 
688969 691729 692929 693601 693961 694633 695329 695377 
695641 696433 696457 696889 696937 697897 699529 700081 
701089 702313 703393 703753 704569 704593 705097 706417 
706921 707857 707929 708457 709321 710089 710377 710641 
710929 711121 711649 711793 712489 713569 714601 715417 
715777 715801 715849 716809 716929 718321 718513 718801 
719713 720241 720289 720793 720961 723049 723913 724777 
725113 727777 728953 729913 730753 730969 731113 731713 
733321 733489 733921 735001 736441 737041 737641 738217 
738457 739513 739633 742153 743401 745201 745273 745369 
747457 748609 748801 748849 749641 750721 751297 752833 
752977 753409 753721 753937 754297 754417 755137 755257 
755401 755737 756649 757417 757633 758449 758617 759673 
760273 760489 760561 761809 761833 762721 764809 765241 
766609 766873 767521 768793 770881 771481 771553 771937 
772537 773569 773953 774001 774313 775417 776449 776521 
776977 777313 778537 778633 779377 780721 781633 781801 
782137 782209 782329 782689 784081 784513 784561 784897 
785017 785857 786937 787057 787153 787537 788353 788377 
788761 789121 789169 790513 790753 790897 791017 791473 
791569 791929 792049 792601 792769 794473 794881 795337 
796969 797569 797833 798937 799489 799753 799993 800593 
801001 803449 803497 804409 804577 805177 806233 806521 
806929 808177 808777 808993 809041 809521 809569 810457 
810553 811081 812761 816817 816841 817897 818017 818473 
818689 820177 821497 821833 823177 823489 824977 826201 
826729 826921 827929 828649 830329 830497 831433 831769 
831913 832369 832969 833377 833593 833617 834721 835369 
835633 835897 836233 836833 836881 838441 838633 838969 
839617 840289 842113 843793 844321 844369 844513 845137 
845809 847009 847681 847729 847969 850849 851401 852121 
852289 854593 856057 856393 857137 857713 857737 857929 
858961 860809 862129 862369 862417 862633 862777 863689 
864049 865321 865609 865801 866713 866857 867337 868369 
868801 868993 869257 870241 870433 871249 871657 872161 
872257 872953 873913 875209 876097 876721 877057 877297 
877321 878377 879721 879817 880153 880249 882289 882577 
883273 884881 886969 887641 888721 888793 890737 892057 
892777 894793 895633 895681 897817 898369 898897 899617 
899881 900649 902017 902281 902449 902521 903649 904513 
905161 905329 905617 905713 906121 907297 908137 909289 
909529 909697 911089 911233 911737 912337 913417 913441 
913921 914041 914257 914449 914737 914857 915697 916561 
917593 917641 919969 920641 921241 921601 922057 922321 
922561 923233 923449 923617 923833 924073 924097 924697 
924769 925081 926113 926977 927529 928273 929281 929881 
931849 932257 933073 933217 933553 934393 935761 936697 
936769 937009 937681 938233 938569 938617 938761 940249 
940369 940921 941737 942049 942169 943081 943801 943849 
944161 944233 944521 945457 946249 946273 948457 949033 
949513 950161 951361 951697 952057 952681 953521 954409 
955657 956377 956569 957241 957769 957889 957937 958849 
959617 961201 963121 964417 964969 966313 966337 966481 
967441 968041 968089 968521 968593 968641 969097 969481 
970441 970657 971281 971473 971569 971833 971977 972121 
972481 974161 974497 974737 975313 976009 976033 976177 
977209 979177 980689 981481 983329 983881 984337 985657 
986593 987097 988321 988681 989353 989377 990961 991057 
992281 992809 993049 993217 993961 995713 995881 996001 
998329 998377 999529 1000033 1000921 1002073 1002481 1002577 
1002913 1003273 1003417 1004209 1004977 1005553 1006393 1006609 
1006633 1007857 1008193 1008433 1009201 1011001 1011937 1012201 
1012657 1015081 1016089 1016137 1016401 1017097 1017721 1017889 
1018777 1018873 1020529 1021081 1022113 1022761 1023289 1024321 
1024633 1024921 1025929 1026673 1027489 1028473 1028569 1028737 
1029289 1029361 1030801 1030873 1031161 1031593 1032049 1032193 
1033033 1035409 1036129 1036561 1037089 1037329 1037401 1037857 
1038529 1038601 1039681 1039921 1040089 1042273 1042633 1043377 
1043401 1043521 1043857 1044409 1045801 1047097 1049281 1049473 
1049833 1050169 1050913 1050961 1053769 1055113 1055689 1055713 
1055737 1055809 1056721 1057249 1060321 1062073 1063033 1063177 
1063561 1063609 1063729 1063921 1063969 1064017 1064521 1064689 
1064977 1065073 1065313 1065817 1067137 1067569 1067593 1068817 
1068913 1070257 1070497 1071337 1072537 1072633 1072849 1072969 
1074433 1074673 1076473 1076617 1076953 1077673 1077793 1078489 
1078681 1080073 1080097 1080433 1080481 1080649 1081153 1082161 
1083793 1085017 1085473 1086769 1086937 1087249 1087753 1087897 
1088617 1088953 1090153 1091017 1091257 1094377 1094449 1094833 
1094881 1095313 1095961 1096057 1096393 1096489 1096969 1098193 
1098649 1099249 1100041 1100641 1100977 1101433 1102249 1102921 
1104769 1105537 1108369 1108537 1108561 1109113 1109761 1110289 
1110313 1111393 1112113 1112569 1113193 1113793 1114753 1114801 
1115329 1115449 1115497 1115929 1117057 1117177 1117681 1118857 
1119169 1119649 1119673 1119817 1120321 1120993 1121689 1122241 
1123729 1127209 1127617 1128433 1128769 1128889 1130953 1131121 
1132009 1132753 1134193 1135633 1137313 1137337 1137481 1137673 
1140577 1143577 1144537 1145329 1145497 1145593 1147249 1147897 
1147969 1148713 1149361 1150081 1150489 1152913 1153609 1153921 
1154353 1154737 1155001 1155841 1155937 1156633 1156849 1157257 
1158529 1160473 1162321 1162753 1163977 1164433 1164817 1165729 
1166401 1166617 1166833 1166929 1167241 1168249 1168537 1169137 
1169761 1170361 1170649 1171633 1172329 1173121 1174681 1174969 
1175353 1175521 1176121 1176361 1176673 1177009 1177129 1177681 
1178113 1178161 1178641 1179193 1179553 1182289 1183393 1183561 
1184329 1185361 1185697 1185721 1185817 1185889 1186441 1187353 
1188289 1188841 1189633 1189897 1190809 1191409 1191481 1191937 
1192561 1192969 1193041 1196089 1197289 1197577 1197697 1198081 
1199593 1199617 1199857 1200313 1200889 1201513 1202329 1202881 
1204153 1205713 1206721 1207033 1207537 1208017 1208521 1210369 
1210897 1210921 1211857 1212121 1212433 1212793 1214281 1214593 
1215553 1217017 1217089 1217809 1218433 1218913 1219177 1219657 
1220041 1220689 1220761 1221049 1221193 1221793 1222537 1222561 
1222633 1223281 1223329 1223977 1226041 1226209 1226857 1226977 
1227337 1229377 1229521 1230241 1230433 1231513 1232377 1232401 
1233313 1234969 1235569 1235833 1235929 1235977 1237297 1237513 
1237849 1237897 1238137 1238761 1239481 1239697 1240777 1241161 
1241761 1242121 1242601 1242889 1243537 1244833 1245001 1245529 
1245649 1246489 1247641 1247881 1248673 1248721 1249033 1249921 
1250761 1251433 1251721 1252057 1252609 1252777 1255801 1256809 
1257313 1257457 1258417 1259113 1259569 1260169 1260481 1260577 
1260841 1261489 1263121 1263337 1263961 1265281 1267681 1269601 
1270897 1271089 1272049 1272409 1272673 1272913 1273561 1273609 
1274041 1274209 1274617 1274737 1274857 1274929 1275193 1275817 
1277041 1277137 1277593 1279609 1279969 1280401 1280857 1281457 
1282993 1283353 1283521 1284553 1284793 1285129 1285441 1285993 
1287457 1288513 1288873 1289593 1290049 1291009 1291153 1291177 
1291489 1293841 1294129 1294561 1294753 1295089 1295377 1296721 
1297297 1297369 1297873 1297993 1298161 1299553 