3221 3881 6581 11251 11941 13121 13171 13421 
13781 14071 16451 16661 16811 17581 18131 19471 
21061 23011 26921 28621 30091 31721 32051 38371 
38861 39301 40591 40771 49451 51631 51991 54581 
56101 57571 58451 59051 62731 62921 67651 68371 
69821 71861 77101 77801 78401 80191 82021 85531 
87211 87691 89891 98011 98621 99251 102301 103001 
103421 104801 106331 107021 110441 111821 117371 118891 
120391 122891 126491 127291 127541 130531 132331 132421 
133261 133451 136711 139721 142501 143261 143971 144611 
149011 150011 151241 154111 154841 155671 155741 155861 
161971 162901 163741 165941 167311 172541 173431 175211 
177421 180371 182921 183041 183461 187711 187721 188701 
188861 189061 189401 190121 190301 191251 191671 191791 
193841 199021 199741 201101 203051 203431 208501 209311 
210401 211711 211781 213181 216091 216571 218531 219871 
222511 224221 226531 229351 230891 233941 241981 242101 
244301 244691 244721 245261 245851 251051 251081 252341 
252731 256471 257381 257861 261101 263821 266411 269561 
272191 274661 275491 275911 278981 283961 284681 285871 
286711 287801 287851 287921 289021 289381 290441 295591 
299371 301211 301361 302261 303491 305551 306041 308681 
310021 310741 310771 311341 313711 319831 322111 323651 
326101 329941 330641 333491 335821 336211 337021 340211 
341171 341491 342821 343381 346141 347671 350561 351971 
352481 352601 352661 352931 353411 354181 354371 355331 
360461 360541 361901 362051 362291 366341 368551 369491 
370451 372061 372451 373091 374771 375901 375971 376351 
378691 381061 385901 389621 390151 390391 391021 392911 
394501 395491 398261 398941 401101 402881 403661 403901 
404291 404851 405341 407821 411641 412001 413071 415381 
417631 418771 418981 421501 422701 423781 424091 424331 
424471 425251 426931 436061 438391 443551 443701 446731 
449171 449321 449411 450421 450581 451831 452201 454331 
455921 456091 456871 458651 460091 464291 465761 466261 
468821 471451 471521 477461 478901 480941 483281 483971 
487381 488701 490481 493291 497261 500501 503821 509801 
509921 511171 512021 512921 513641 514711 515651 518101 
518341 518431 518621 518911 522881 524921 525641 525731 
527441 533011 536191 536441 536801 541951 548861 549011 
550721 555221 556811 558931 559831 563131 563411 563821 
564871 565241 567401 568171 570461 571111 577831 578861 
579281 580361 581171 581941 582221 583481 583651 584081 
584621 585341 587621 588521 590771 592261 596611 599371 
599741 602081 606341 611441 612341 612401 613421 618521 
619831 620461 621701 621871 624521 630871 631061 634301 
634331 634531 634841 638581 638621 639851 641551 641821 
644201 645641 645751 657581 658211 660061 660181 660281 
661951 665801 666031 666541 667741 670931 671651 674321 
674771 674941 678541 683911 689141 689431 689581 689921 
690871 691111 691451 694901 694951 697691 697951 698371 
698891 704141 704861 705631 707431 708061 709691 711371 
712021 712531 712841 715621 720101 720151 720661 721141 
722791 725801 731141 731981 732041 732541 735901 737131 
743131 743731 746101 746411 747451 748861 749741 751301 
752861 752891 753811 755071 761051 761861 764501 765851 
768491 769781 771301 772721 773251 774661 777761 782141 
786371 788651 788971 789731 792821 793931 796091 799091 
800291 802811 805381 805531 807181 809201 812101 813541 
813991 816401 819491 820331 820691 831851 837931 843901 
844421 845981 848671 849061 856181 856421 862811 866051 
869501 872251 874721 876131 878021 883621 884171 884921 
885091 887441 888661 888871 889951 891251 892471 893341 
894581 897931 898421 907141 910661 912251 914321 914491 
915181 915641 915881 916651 917771 921751 923341 923371 
930931 932101 935201 935771 935791 937481 940931 945331 
945521 945941 946331 946411 947411 948391 949451 949621 
951061 951221 959461 960151 960341 961841 963181 968801 
968911 969131 969641 970091 974411 975151 976621 979061 
981451 982381 986851 988591 991811 995531 995801 999331 
1000121 1002851 1003291 1007441 1009601 1009781 1010431 1011271 
1012931 1017391 1027181 1029731 1030241 1032571 1033061 1036411 
1036531 1038941 1039001 1039901 1039931 1040101 1044181 1044371 
1047131 1050631 1054531 1055261 1059571 1060051 1063661 1065511 
1066721 1068871 1068941 1074701 1075091 1077301 1082321 1084301 
1085131 1087451 1088251 1088431 1088671 1089421 1092061 1092461 
1095541 1097791 1099121 1102691 1112201 1112921 1113461 1113751 
1114301 1121261 1121671 1123361 1127461 1127911 1127981 1128091 
1130561 1130981 1131421 1133261 1135241 1138411 1140611 1147021 
1147331 1149881 1152421 1155211 1156591 1157531 1158251 1159241 
1162771 1165831 1166411 1167391 1170061 1171601 1177481 1177651 
1179251 1180961 1181461 1184011 1186181 1188041 1189471 1190911 
1191611 1191691 1198361 1199371 1201241 1201601 1202221 1202561 
1203101 1205921 1208561 1208651 1212301 1213841 1213931 1222831 
1225061 1225981 1230401 1231831 1234351 1237931 1238071 1239041 
1241921 1242991 1248881 1252021 1255301 1258771 1261901 1262731 
1265611 1267121 1270471 1270541 1270901 1273471 1274941 1277021 
1277321 1278811 1279211 1279541 1281221 1281941 1286261 1286581 
1286821 1287691 1289411 1295081 1299211 