3889 4177 4729 5569 5737 7369 8377 8929 
9817 13297 15601 15913 16657 16921 17401 17761 
18049 19273 19777 20593 21481 23209 23473 23833 
24337 26161 34513 35281 35353 35521 35617 36217 
38113 39217 41233 42697 44017 45481 47569 48409 
52153 53617 54361 57193 57793 59113 59233 60913 
61561 62233 62497 63913 64609 64921 65617 66697 
66889 67537 67993 68449 70489 70969 72673 72817 
75577 76249 76561 77017 78553 79561 82633 83833 
85009 88129 88993 90217 94513 96001 97177 97729 
98041 98689 99409 100609 104089 104161 105649 108217 
111049 112129 113329 114649 116041 117361 119881 123121 
123217 124297 125113 128257 129121 129289 131713 132169 
133201 135649 136753 138577 138937 140593 140929 141529 
141649 142297 142993 144289 144577 145009 145897 148249 
150169 151273 151609 152641 152809 155209 155593 158209 
159193 160201 161017 163249 163993 166297 168433 169681 
170641 172633 176161 176353 177217 178489 182617 184489 
186601 189697 190537 191089 191353 191449 191473 192193 
192529 193993 195193 196177 197689 200713 201121 201337 
205441 210193 211801 213481 214849 215617 217081 220057 
222553 223009 224617 224737 225961 229321 232777 233329 
233641 234193 234217 235513 236737 239329 241177 244297 
245593 246913 250681 250777 251857 253321 253537 254929 
256057 256561 257857 258721 259033 261601 263953 264553 
264577 264961 266137 266353 266521 268153 269281 269473 
270217 270577 270601 271057 272761 273193 276673 282001 
282097 283609 285937 287233 287977 288433 290041 290113 
291649 292849 295993 296137 298801 300073 303097 304081 
306049 308521 308857 311569 312841 314137 314761 314953 
315097 315529 316777 317209 319057 321169 321289 321817 
322849 325201 325513 325537 327673 328921 329089 332641 
334681 334777 335857 339433 340849 341569 342049 343393 
343489 344209 344857 346201 348433 348457 350593 352489 
353161 353737 354337 355441 357073 357793 357913 358753 
359449 361033 362473 364657 367201 367369 369913 372049 
374953 377137 379177 380977 381289 381481 383521 384001 
384577 385153 386641 386977 388369 389089 389161 389761 
392113 392281 392473 394129 394729 394993 395137 397057 
399409 399769 400249 401017 401953 402049 406177 409177 
409657 411001 411193 411241 411409 413713 414241 414721 
414769 417337 419401 423769 426073 426193 427681 428401 
430009 432577 434761 435889 436993 437641 438169 440329 
440953 443089 444121 445537 446881 450217 452233 453601 
454849 455737 455881 456193 457057 458401 458569 465433 
465529 465649 466009 467977 468889 470473 470521 470593 
471817 472561 473089 473929 474937 475729 475777 476737 
478273 478729 479881 485497 486769 488617 489217 489913 
493249 493993 495289 495361 497017 497041 497257 498361 
509737 510049 514057 516673 518017 518233 519121 521137 
523129 523489 526777 528673 529513 530401 531457 531481 
532417 534889 535489 535609 536929 537673 538249 540121 
543889 547441 549313 550129 552841 553417 554833 556537 
558241 558721 558913 559081 559369 559849 560233 560617 
561313 561553 562273 562897 563593 563929 564097 567097 
567601 567793 568153 570937 571201 571321 573673 574033 
576001 576049 576553 576889 577033 578689 581521 585049 
586057 586153 587833 588097 588433 588673 593401 595057 
598681 603553 606913 606961 608089 609601 611953 614113 
617161 619537 619897 621769 623209 623281 623881 625969 
626953 629569 631249 631993 632521 632857 634177 635617 
635809 638689 640369 641833 642673 644377 646897 646993 
648841 649921 650761 651193 654817 657121 657361 657841 
658753 659497 659713 659881 660097 660241 661201 661417 
661849 662833 665233 667273 669049 669433 670297 672169 
673273 674761 675841 676129 677473 677857 679297 679369 
681913 683377 685753 686089 688249 688561 691297 692401 
693097 694609 695881 697513 699001 699217 701593 706801 
712321 712561 713497 714841 716137 719041 722833 722881 
723553 724153 727297 732097 732217 736249 737497 741337 
742201 749209 749449 750097 751321 752593 753793 754513 
754921 756097 756673 757201 759193 759433 760321 760537 
762409 762529 763417 763897 764689 764857 765169 765313 
765649 766273 769273 771073 771961 772393 772657 775273 
776233 776257 778873 779617 779761 780049 780697 780817 
781129 781369 781681 782497 783193 784249 786697 787993 
788041 791137 793633 794449 794953 795097 796657 797689 
800089 800473 800953 801337 803857 804073 804913 805729 
805873 806329 806737 806977 807409 809833 811777 813097 
814609 815209 817273 820129 822721 826153 827161 831217 
831889 832633 833689 833857 835489 837601 838777 838897 
843457 843889 844777 846361 847129 851449 854017 856441 
856897 858001 858673 859081 859657 860113 863521 865057 
868561 871177 872353 874009 875089 875617 875761 875929 
876481 877609 878113 878593 878929 879097 879553 880729 
880801 881233 882313 882697 884857 887233 887569 888961 
897433 897601 898033 899473 899761 904489 904801 906289 
914713 916129 918193 918481 920473 923641 924241 924529 
924961 926161 928513 930289 931153 935113 936937 938089 
940993 943777 945673 949129 949153 950497 950617 952753 
953473 954097 956281 958393 959737 960649 962617 966241 
967321 969049 969889 970201 970969 971521 972649 973033 
973321 973537 976561 981073 981889 983113 985729 985969 
986281 987697 990289 992449 993913 995329 995377 996169 
996601 997057 997273 998353 999049 999217 999553 1001569 
1002553 1003609 1004761 1005049 1005217 1005409 1005937 1008817 
1008937 1009537 1012489 1014193 1014457 1014649 1016737 1016929 
1017553 1017649 1018201 1019353 1020913 1021129 1021561 1021897 
1022209 1025257 1028089 1028953 1029337 1029601 1030297 1031809 
1032841 1033489 1036537 1036993 1040449 1041889 1042081 1042897 
1044289 1046329 1048273 1049569 1049857 1052041 1055233 1057129 
1058329 1059073 1059697 1061377 1062409 1065217 1068217 1068241 
1068481 1071193 1073353 1074289 1076401 1077289 1083409 1085809 
1088089 1091737 1092433 1093993 1101697 1101937 1102537 1103041 
1104241 1104289 1104889 1106257 1107553 1108489 1111921 1112833 
1116937 1118113 1120153 1120849 1121737 1122841 1123873 1124593 
1125169 1126441 1127809 1127857 1128553 1128577 1129561 1129897 
1130497 1131553 1131913 1133857 1134241 1134313 1134673 1135921 
1137457 1137817 1141969 1142017 1142041 1142737 1142881 1147441 
1150057 1151233 1152937 1159489 1160161 1160713 1163233 1165273 
1166857 1170193 1170553 1170721 1172929 1173481 1175497 1175569 
1175953 1177921 1179793 1180057 1180537 1180657 1182697 1184473 
1185601 1186249 1186321 1188049 1188457 1191577 1192897 1195561 
1196521 1197073 1197121 1197601 1199257 1200697 1203193 1203361 
1209697 1211689 1211737 1212361 1213033 1214977 1215121 1216561 
1216681 1217833 1219489 1220353 1220953 1224121 1229257 1229689 
1230913 1231873 1233361 1236073 1236769 1238449 1239529 1239913 
1248241 1248337 1248529 1249657 1249873 1251841 1253761 1256449 
1257961 1259737 1260673 1261081 1262617 1262929 1263193 1263793 
1264873 1265617 1266913 1267633 1267897 1269937 1270033 1270417 
1270441 1272937 1274017 1276441 1278481 1278769 1278817 1279417 
1279657 1280161 1282513 1284433 1285633 1288249 1289401 1292089 
1292113 1292281 1292353 1294201 1295113 1295473 1299457 