5531 6679 8681 11243 11411 34469 45641 46649 
65003 72661 79493 82013 87221 101837 108011 109789 
119057 123593 131797 145349 154267 163997 169709 182561 
182701 184157 184409 184577 188189 190331 191773 215909 
218681 225989 235621 235747 256901 260527 262627 268507 
274709 286721 291089 299027 303283 305803 316037 317003 
318473 335539 365779 371057 371141 379541 379597 381011 
386219 393373 396061 404489 408997 409781 416963 418349 
419147 423403 424397 426007 441799 464479 466957 482707 
484457 486389 501341 508229 511001 513101 545371 551461 
556123 557201 558223 562759 564089 564103 564607 568807 
570389 575261 575723 576031 578621 598193 606299 614153 
617107 625507 632297 632773 637841 639857 641873 643231 
648607 661879 662789 665813 671917 675823 683957 695003 
698251 707029 713189 715639 730591 735617 739117 755371 
757387 758731 762917 768643 771877 774733 777421 784351 
806023 806051 807731 809719 810391 811637 814577 822221 
826603 832693 832973 833491 836291 845167 857081 860623 
861547 862219 865957 873727 876373 880027 883093 890429 
905143 909833 914579 920333 935971 952169 955879 957349 
958553 967289 967667 969977 972637 976193 977243 979987 
983431 996871 997109 999181 1001743 1003549 1009037 1013237 
1016611 1018207 1020517 1026061 1041041 1045507 1058779 1064407 
1072373 1076069 1079107 1084553 1090013 1092463 1097923 1098469 
1103803 1106477 1107401 1111741 1113491 1132643 1143661 1144291 
1146727 1154581 1156303 1157213 1162687 1168637 1168931 1178549 
1183939 1184429 1187383 1188307 1191107 1201999 1220983 1221641 
1222411 1230461 1234787 1245091 1249627 1251923 1257089 1261639 
1262143 1278439 1279937 1280623 1280693 1287371 1287973 1289513 
1294721 1294973 