601 4297 6529 11617 12073 12409 12457 13441 
15241 16633 17137 17209 17881 20809 23857 31033 
33721 36913 37489 40153 47017 47497 47881 49297 
49369 49417 50377 55609 56713 58153 58921 63241 
63841 66841 68209 70921 72937 73417 77977 78697 
83449 84673 88681 89329 91033 91129 91153 91969 
92737 101737 103969 105673 106681 107761 108793 110569 
114217 114577 121369 121921 121993 122497 126913 129169 
130681 132409 132697 133321 135697 136993 139369 139537 
142057 147457 148921 152041 153529 155377 159097 159361 
161641 165721 167593 167953 168409 172681 172969 173617 
176017 178441 182041 182089 184153 185089 186481 187513 
188833 189961 196681 201673 202753 202921 203209 208057 
208489 214657 218137 220537 220897 224473 225721 226201 
230089 230137 230977 231169 238321 249217 253369 254377 
255313 259657 261241 267913 268729 269641 270001 270337 
270937 271969 274081 276337 283009 285121 286873 288313 
289657 292489 293257 295513 301753 304393 304729 309241 
311881 319681 320113 324073 324217 325009 325849 326617 
332569 334177 337969 338137 342337 344497 345577 345937 
349753 351361 359641 360169 363577 365929 366889 370081 
380041 383281 386569 388897 390001 390433 391057 392737 
392761 392929 393577 393649 397489 403537 403993 410953 
411337 411529 413689 414313 416401 416497 418633 419929 
420001 425377 425473 431257 431449 432001 433633 433681 
434857 437497 438241 441913 443017 444553 446473 446569 
451057 451441 452857 454609 455233 455809 459841 463513 
463633 466537 467713 471697 477409 478801 480937 483433 
483577 483649 485689 487897 489793 491977 494617 494713 
495457 496297 497449 501577 502921 504001 505369 508129 
510241 510793 511033 511057 511801 514249 517081 517249 
519553 522409 525241 527161 530833 531169 532489 533257 
533809 534529 536857 537169 537241 538801 538921 539641 
545473 545497 550969 553849 554377 555073 556513 557017 
561961 563881 566521 568657 570001 570601 570697 572521 
573817 575137 575401 576193 577153 579409 579961 584593 
587617 590041 591841 592849 592873 593977 597697 600577 
602713 602929 603217 605953 605977 607417 623929 626113 
628801 629113 629857 630481 631753 635689 635737 637489 
642217 643009 645889 649657 653209 659137 662953 665089 
665857 669649 670729 670897 672193 675601 679561 682489 
686449 687289 688657 692089 694873 698329 699169 702337 
704857 709537 709561 710473 716713 722977 724513 725449 
727249 728017 730777 731593 732169 732769 732889 733561 
735529 737809 742657 743881 744409 744817 747073 747841 
748633 749761 750121 752281 752881 754057 755473 755569 
758041 758929 760657 761521 764593 766393 767617 770449 
777097 778081 779521 783529 783721 785377 788569 795001 
796177 796849 796921 801817 804553 804889 809929 811273 
812281 813529 814081 819937 823129 830017 830833 833353 
837073 842209 848737 849241 850417 852769 852889 855889 
856081 858457 859249 859849 861121 864793 867457 867553 
870049 872761 874729 876121 876529 876817 878833 880057 
880513 881473 894073 894721 895009 901993 908857 908953 
914569 917209 923137 923809 925033 927049 927841 931129 
932209 943009 944257 945817 946489 946681 950953 956353 
957193 957529 959449 959953 963913 968377 969457 973561 
976537 978217 978457 978697 979369 979969 980449 981289 
985417 986257 986569 989929 992689 996361 998281 1001017 
1002121 1007353 1008409 1009321 1009369 1011217 1012369 1016689 
1018729 1023361 1023769 1027417 1027777 1030201 1030537 1032721 
1034233 1034833 1036513 1036681 1038937 1039249 1046113 1054393 
1054441 1056481 1057657 1063273 1069129 1073881 1074121 1076329 
1079809 1081369 1088761 1092601 1093033 1093441 1093753 1097209 
1103353 1105177 1105513 1106233 1106689 1107049 1107721 1107937 
1108057 1109473 1111897 1119049 1119577 1121377 1125097 1126897 
1128289 1129033 1135969 1137553 1138681 1140121 1142569 1143697 
1143817 1150777 1150873 1151041 1157449 1158457 1166041 1166569 
1167697 1169353 1171801 1172257 1172377 1172713 1175857 1176601 
1177801 1185241 1186057 1189033 1189417 1192417 1196857 1199329 
1199833 1200673 1209337 1213657 1213873 1216729 1219297 1223857 
1229401 1232977 1233433 1235593 1240273 1243129 1252873 1254049 
1255321 1255993 1259977 1266337 1268017 1270609 1271449 1271833 
1272361 1276897 1279321 1287361 1288201 1288393 1289881 1290649 
1293361 1294729 1295761 