8191 10243 12853 21997 26407 29179 33247 41491 
47791 58771 64171 79579 99181 101917 102043 106669 
110503 111637 117163 118549 130483 138547 138637 141499 
150427 151651 163567 165331 165799 166357 170227 177823 
194239 197767 203653 204427 205237 205759 208207 209179 
219223 246223 250741 257239 292141 300583 301933 305101 
308323 324811 331651 333451 349759 363277 367021 376183 
391231 392851 404389 415171 429139 455167 463231 472411 
474391 483211 486379 495343 521659 522703 534637 541711 
547957 557533 566767 570421 590797 598501 624763 632053 
638371 655723 671059 681229 682219 684109 687331 710443 
716869 732439 738919 739351 741709 748387 756271 792703 
801973 803989 825067 888103 888319 892351 902827 904303 
910603 947773 960643 966871 972847 990487 994933 1008613 
1028107 1034029 1075771 1095319 1098109 1106317 1110133 1125469 
1126693 1180549 1190773 1196029 1208341 1213183 1216711 1236583 
1252639 1276039 1286191 1288117 1295317 1297279 