p1 < 10**6: 10399     51991    True  [0, 1, 0, 1]   [0, 1, 0, 1]
p1 < 10**6: 12391     161071    True  [0, 1, 0, 1]   [0, 1, 0, 1]
p1 < 10**6: 14011     70051    True  [1, 1, 0, 1]   [1, 1, 0, 1]
p1 < 10**6: 17539     87691    True  [1, 1, 0, 1]   [1, 1, 0, 1]
p1 < 10**6: 20231     34511    True  [0, 0, 0, 1]   [0, 0, 0, 1]
p1 < 10**6: 22051     110251    True  [1, 1, 0, 1]   [1, 1, 0, 1]
p1 < 10**6: 34651     110251    True  [1, 1, 0, 1]   [1, 1, 0, 1]
p1 < 10**6: 37159     50671    True  [0, 1, 0, 0]   [0, 1, 0, 0]
p1 < 10**6: 37571     72251    True  [1, 0, 0, 1]   [1, 0, 0, 1]
p1 < 10**6: 45497     318473    True  [2, 3, 3, 2]   [2, 3, 3, 2]
p1 < 10**6: 47251     110251    True  [1, 1, 0, 1]   [1, 1, 0, 1]
p1 < 10**6: 49603     1636867    True  [1, 1, 1, 1]   [1, 1, 1, 1]
p1 < 10**6: 52711     474391    True  [0, 1, 0, 1]   [0, 1, 0, 1]
p1 < 10**6: 53773     699037    True  [2, 1, 2, 2]   [2, 1, 2, 2]
p1 < 10**6: 59119     295591    True  [0, 1, 0, 1]   [0, 1, 0, 1]
p1 < 10**6: 65381     457661    True  [2, 2, 0, 0]   [2, 2, 0, 0]
p1 < 10**6: 73291     1832251    True  [1, 1, 0, 1]   [1, 1, 0, 1]
p1 < 10**6: 76651     12034051    True  [1, 1, 0, 1]   [1, 1, 0, 1]
p1 < 10**6: 78079     390391    True  [0, 1, 0, 1]   [0, 1, 0, 1]
p1 < 10**6: 79901     2956301    True  [2, 2, 0, 2]   [2, 2, 0, 2]
p1 < 10**6: 86311     119191    True  [0, 1, 0, 1]   [0, 1, 0, 1]
p1 < 10**6: 87679     438391    True  [0, 1, 0, 1]   [0, 1, 0, 1]
p1 < 10**6: 93701     5715701    True  [2, 2, 1, 2]   [2, 2, 1, 2]
p1 < 10**6: 94291     471451    True  [1, 1, 0, 1]   [1, 1, 0, 1]
p1 < 10**6: 97651     110251    True  [1, 1, 0, 1]   [1, 1, 0, 1]
