--- 133.95235013961792 seconds ---
0   [0, 0, 1, 1, 1, 0, 1, 1]    [23]
1   [2, 2, 1, 0, 2, 1, 2, 2, 0]    [29]
2   [0, 1, 0, 0, 1, 1, 1, 0, 1]    [31]
3   [2, 1, 2, 0, 1, 2, 2, 2, 2]    [37]
4   [2, 3, 2, 3, 3, 3, 3, 3, 1]    [41]
5   [1, 1, 1, 1, 0, 0, 0, 1, 0]    [43, 9283, 16363]
6   [0, 0, 1, 0, 1, 1, 0, 1, 1]    [47, 15767]
7   [2, 2, 2, 1, 1, 0, 1, 2, 2]    [53]
8   [1, 0, 0, 0, 1, 1, 0, 0, 1]    [59]
9   [2, 1, 1, 2, 2, 0, 2, 1, 2]    [61]
10   [1, 1, 1, 1, 1, 1, 0, 0, 0]    [67, 1747]
11   [0, 0, 0, 1, 1, 1, 1, 0, 1]    [71]
12   [0, 2, 3, 3, 3, 3, 3, 2, 2]    [73]
13   [0, 1, 0, 1, 0, 0, 1, 0, 0]    [79, 9151, 16111]
14   [1, 0, 1, 0, 0, 1, 0, 1, 0]    [83, 5507, 16763]
15   [0, 3, 2, 3, 1, 3, 2, 3, 3]    [89]
16   [4, 4, 5, 5, 4, 5, 5, 5, 5]    [97]
17   [2, 2, 0, 2, 2, 1, 1, 0, 1]    [101]
18   [0, 1, 1, 0, 1, 0, 0, 0, 0]    [103]
19   [1, 0, 1, 1, 0, 0, 1, 0, 0]    [107, 15443]
20   [2, 0, 0, 0, 2, 2, 2, 2, 2]    [109]
21   [2, 4, 4, 1, 3, 3, 4, 4, 4]    [113]
22   [0, 1, 1, 1, 0, 0, 0, 0, 1]    [127]
23   [1, 0, 0, 0, 0, 0, 1, 1, 1]    [131]
24   [2, 3, 3, 2, 2, 3, 2, 2, 3]    [137]
25   [1, 1, 0, 0, 0, 0, 1, 1, 1]    [139, 12451]
26   [2, 2, 0, 1, 2, 2, 0, 0, 2]    [149]
27   [0, 1, 0, 1, 0, 1, 0, 0, 1]    [151]
28   [2, 1, 2, 2, 0, 1, 0, 0, 2]    [157]
29   [1, 1, 1, 1, 1, 1, 1, 1, 1]    [163, 10987, 14107, 15667]
30   [0, 0, 1, 0, 0, 1, 1, 0, 1]    [167, 3167, 11087, 14423]
31   [2, 2, 2, 2, 2, 1, 2, 2, 0]    [173]
32   [1, 0, 0, 1, 1, 0, 0, 0, 1]    [179]
33   [2, 0, 0, 2, 1, 0, 2, 2, 2]    [181]
34   [0, 0, 0, 1, 1, 0, 0, 1, 0]    [191, 14639]
35   [5, 4, 6, 3, 6, 6, 6, 6, 5]    [193]
36   [2, 2, 2, 1, 2, 2, 2, 1, 0]    [197]
37   [0, 1, 0, 0, 1, 0, 1, 1, 0]    [199]
38   [1, 1, 0, 1, 0, 0, 1, 0, 1]    [211, 8971, 14011]
39   [0, 1, 1, 0, 1, 1, 0, 0, 1]    [223, 16063]
40   [1, 0, 1, 0, 0, 1, 1, 0, 0]    [227, 13163]
41   [2, 0, 1, 2, 1, 2, 0, 0, 2]    [229, 6781]
42   [0, 3, 3, 2, 3, 2, 3, 0, 0]    [233]
43   [0, 0, 0, 1, 0, 1, 0, 1, 1]    [239]
44   [3, 3, 3, 4, 4, 4, 4, 4, 4]    [241]
45   [1, 0, 0, 0, 1, 0, 0, 1, 0]    [251, 16091]
46   [4, 8, 8, 8, 6, 7, 5, 8, 6]    [257]
47   [0, 0, 1, 1, 0, 0, 0, 1, 0]    [263, 1583, 8423, 9767, 12503]
48   [2, 2, 0, 2, 1, 1, 2, 2, 0]    [269]
49   [0, 1, 0, 0, 0, 1, 0, 1, 1]    [271, 9511, 15319, 16231]
50   [2, 0, 2, 1, 2, 1, 2, 0, 0]    [277]
51   [1, 3, 2, 2, 3, 3, 2, 3, 3]    [281]
52   [1, 1, 1, 0, 0, 0, 1, 1, 0]    [283]
53   [2, 2, 2, 2, 2, 2, 0, 2, 2]    [293, 7013, 13037]
54   [1, 1, 1, 0, 0, 1, 0, 0, 1]    [307]
55   [0, 0, 0, 0, 1, 0, 1, 1, 1]    [311, 719, 17351]
56   [2, 0, 3, 3, 1, 2, 3, 1, 3]    [313]
57   [2, 2, 2, 1, 0, 2, 2, 2, 0]    [317]
58   [1, 1, 0, 1, 1, 1, 0, 0, 1]    [331, 5779, 13099, 16339]
59   [0, 3, 4, 3, 4, 0, 4, 4, 4]    [337]
60   [1, 0, 1, 1, 0, 0, 1, 1, 1]    [347, 12107, 13763, 14387]
61   [2, 1, 1, 2, 2, 2, 1, 0, 0]    [349]
62   [3, 5, 5, 5, 3, 5, 3, 4, 4]    [353]
63   [0, 0, 0, 1, 0, 1, 0, 1, 0]    [359]
64   [0, 1, 1, 0, 1, 0, 1, 1, 0]    [367, 9463]
65   [2, 1, 2, 1, 2, 1, 1, 2, 2]    [373]
66   [1, 1, 0, 1, 1, 1, 1, 0, 0]    [379, 2179]
67   [0, 0, 1, 0, 1, 1, 0, 0, 0]    [383, 7703, 7727]
68   [2, 2, 0, 0, 0, 0, 0, 1, 2]    [389]
69   [2, 1, 2, 2, 0, 2, 2, 0, 1]    [397]
70   [3, 4, 0, 3, 3, 4, 4, 4, 4]    [401]
71   [2, 2, 0, 3, 3, 3, 0, 3, 2]    [409]
72   [1, 0, 0, 0, 1, 0, 1, 1, 0]    [419]
73   [2, 0, 1, 1, 0, 2, 1, 2, 2]    [421]
74   [0, 0, 0, 1, 0, 1, 1, 0, 0]    [431, 7919]
75   [3, 0, 4, 4, 3, 3, 0, 4, 4]    [433]
76   [0, 1, 0, 0, 0, 0, 1, 0, 1]    [439, 1231, 15991]
77   [1, 0, 1, 1, 1, 0, 0, 1, 1]    [443, 4547, 5483, 8243]
78   [5, 6, 1, 4, 3, 6, 6, 6, 4]    [449]
79   [2, 2, 3, 1, 3, 3, 1, 1, 3]    [457]
80   [2, 2, 0, 2, 2, 2, 1, 0, 0]    [461]
81   [0, 1, 1, 1, 1, 1, 0, 1, 1]    [463, 1087, 13687, 17383]
82   [1, 0, 1, 0, 1, 0, 0, 1, 0]    [467]
83   [0, 0, 0, 0, 0, 1, 1, 1, 0]    [479, 4919, 5519, 6599, 7559]
84   [0, 1, 1, 1, 1, 1, 1, 0, 1]    [487]
85   [1, 0, 0, 1, 0, 0, 0, 1, 1]    [491, 8219, 17291]
86   [1, 1, 0, 1, 1, 1, 1, 1, 1]    [499, 16699]
87   [0, 0, 1, 0, 0, 0, 1, 1, 0]    [503, 1847, 15263, 16007]
88   [2, 2, 1, 2, 1, 2, 0, 2, 0]    [509]
89   [2, 3, 1, 3, 2, 2, 3, 3, 3]    [521]
90   [1, 1, 1, 0, 0, 0, 0, 0, 0]    [523, 5563, 10867]
91   [2, 0, 0, 1, 2, 2, 2, 1, 0]    [541]
92   [1, 1, 1, 1, 0, 0, 1, 0, 1]    [547]
93   [2, 2, 2, 1, 2, 2, 1, 0, 2]    [557, 8117]
94   [1, 0, 1, 0, 0, 0, 0, 0, 0]    [563, 8147]
95   [2, 3, 0, 2, 3, 2, 2, 3, 3]    [569]
96   [1, 1, 0, 1, 0, 0, 1, 1, 0]    [571, 2851, 13339]
97   [4, 4, 6, 6, 5, 6, 5, 4, 5]    [577]
98   [1, 0, 1, 0, 1, 1, 0, 1, 1]    [587, 8627]
99   [2, 4, 4, 4, 4, 4, 3, 2, 1]    [593]
100   [0, 0, 0, 1, 1, 0, 0, 0, 1]    [599, 3719]
101   [0, 0, 2, 3, 3, 2, 3, 3, 2]    [601]
102   [0, 1, 1, 0, 0, 0, 1, 0, 1]    [607, 6607]
103   [2, 1, 2, 0, 2, 2, 0, 0, 2]    [613]
104   [1, 3, 3, 2, 2, 3, 3, 2, 3]    [617]
105   [1, 1, 0, 0, 1, 1, 1, 1, 0]    [619, 14419]
106   [0, 1, 0, 1, 1, 1, 0, 1, 0]    [631, 5839, 12511, 16879]
107   [6, 7, 6, 6, 5, 2, 7, 7, 7]    [641]
108   [1, 1, 1, 0, 1, 1, 1, 1, 0]    [643, 4987, 12043, 15907, 16603]
109   [0, 0, 1, 0, 1, 0, 0, 1, 1]    [647, 9623, 17183]
110   [2, 2, 2, 0, 1, 1, 2, 0, 1]    [653]
111   [1, 0, 0, 1, 0, 0, 0, 0, 0]    [659, 3299, 11579, 16979]
112   [2, 1, 1, 2, 0, 2, 1, 2, 2]    [661]
113   [4, 3, 5, 4, 5, 2, 5, 5, 1]    [673]
114   [2, 2, 2, 2, 2, 0, 2, 2, 2]    [677]
115   [1, 0, 1, 1, 1, 1, 1, 0, 1]    [683]
116   [1, 1, 0, 0, 1, 1, 1, 1, 1]    [691, 4051, 5179]
117   [2, 2, 1, 0, 2, 0, 1, 0, 2]    [701]
118   [2, 0, 1, 0, 1, 2, 2, 0, 2]    [709]
119   [0, 1, 1, 0, 1, 0, 0, 1, 0]    [727, 11287]
120   [2, 0, 2, 2, 2, 2, 1, 1, 2]    [733]
121   [1, 1, 0, 1, 0, 1, 0, 1, 1]    [739, 15451, 15619]
122   [0, 0, 1, 1, 0, 1, 1, 0, 0]    [743, 8663]
123   [0, 1, 0, 1, 1, 0, 1, 0, 0]    [751, 11839, 15271]
124   [2, 0, 2, 0, 0, 0, 0, 1, 2]    [757]
125   [2, 3, 1, 3, 3, 3, 2, 2, 2]    [761]
126   [7, 4, 7, 8, 8, 8, 7, 2, 8]    [769]
127   [2, 2, 2, 2, 1, 2, 0, 2, 2]    [773, 5813]
128   [1, 1, 1, 0, 0, 1, 1, 0, 0]    [787, 1627, 4483]
129   [2, 2, 2, 2, 0, 0, 1, 2, 2]    [797]
130   [2, 3, 2, 0, 3, 2, 3, 1, 2]    [809]
131   [1, 1, 0, 0, 0, 1, 1, 0, 1]    [811, 16411]
132   [2, 2, 1, 1, 2, 2, 2, 0, 1]    [821]
133   [0, 1, 1, 1, 1, 0, 1, 1, 1]    [823, 4447, 14767]
134   [1, 0, 1, 1, 0, 1, 1, 0, 0]    [827]
135   [2, 0, 0, 2, 0, 1, 0, 2, 0]    [829]
136   [0, 0, 0, 0, 1, 1, 1, 0, 0]    [839, 3191]
137   [2, 1, 2, 2, 2, 2, 2, 1, 1]    [853]
138   [2, 3, 3, 3, 3, 2, 3, 3, 1]    [857]
139   [1, 1, 0, 0, 1, 0, 0, 1, 1]    [859, 5659, 9091]
140   [0, 0, 1, 1, 1, 1, 0, 0, 1]    [863, 2423]
141   [2, 1, 2, 0, 2, 2, 2, 2, 0]    [877]
142   [0, 4, 3, 4, 3, 3, 4, 3, 4]    [881]
143   [1, 1, 1, 1, 1, 0, 0, 1, 1]    [883, 4603, 13003]
144   [0, 0, 1, 0, 0, 0, 1, 0, 1]    [887]
145   [1, 1, 1, 1, 1, 0, 1, 0, 0]    [907, 8563]
146   [0, 0, 0, 1, 1, 0, 1, 0, 0]    [911, 5399]
147   [0, 1, 0, 1, 0, 0, 0, 1, 0]    [919, 1759, 10039]
148   [4, 5, 3, 5, 4, 5, 5, 2, 2]    [929]
149   [0, 1, 3, 3, 3, 1, 2, 2, 3]    [937]
150   [2, 2, 0, 2, 2, 2, 2, 2, 2]    [941, 5309]
151   [1, 0, 1, 1, 1, 1, 1, 1, 1]    [947]
152   [2, 3, 3, 1, 3, 2, 2, 3, 3]    [953]
153   [0, 1, 1, 1, 0, 1, 0, 1, 1]    [967, 5023, 7207]
154   [1, 0, 0, 0, 1, 0, 0, 0, 0]    [971]
155   [3, 4, 4, 3, 3, 4, 3, 4, 4]    [977]
156   [0, 0, 1, 0, 1, 1, 1, 0, 0]    [983, 3023]
157   [0, 1, 0, 1, 1, 0, 1, 0, 1]    [991, 9871, 15031]
158   [2, 1, 2, 2, 2, 0, 2, 0, 0]    [997, 8293]
159   [3, 3, 3, 2, 4, 4, 4, 4, 4]    [1009]
160   [2, 2, 2, 2, 1, 1, 2, 0, 1]    [1013]
161   [1, 0, 0, 1, 0, 1, 0, 0, 0]    [1019, 9059, 10691, 14891]
162   [2, 1, 0, 2, 0, 2, 1, 2, 0]    [1021]
163   [0, 0, 0, 1, 0, 0, 1, 1, 0]    [1031, 2591, 11519, 12671]
164   [1, 2, 3, 2, 3, 3, 2, 0, 3]    [1033]
165   [0, 1, 0, 0, 1, 0, 0, 0, 1]    [1039, 7159, 7591, 9439, 13711]
166   [1, 3, 2, 3, 2, 1, 3, 0, 3]    [1049]
167   [1, 1, 0, 1, 0, 1, 1, 1, 1]    [1051, 6619, 14779]
168   [2, 2, 0, 0, 1, 2, 2, 0, 1]    [1061]
169   [0, 1, 1, 0, 0, 0, 0, 0, 0]    [1063, 1447]
170   [2, 1, 0, 2, 2, 1, 0, 1, 2]    [1069]
171   [1, 0, 0, 0, 0, 0, 1, 0, 0]    [1091, 10139]
172   [2, 0, 2, 0, 0, 0, 2, 2, 0]    [1093]
173   [1, 3, 3, 3, 3, 3, 2, 3, 2]    [1097]
174   [0, 0, 1, 1, 1, 1, 0, 1, 0]    [1103, 1607, 10847, 12527]
175   [2, 2, 1, 2, 1, 0, 1, 0, 2]    [1109]
176   [2, 0, 2, 1, 2, 0, 2, 2, 1]    [1117]
177   [1, 1, 1, 0, 1, 1, 0, 0, 0]    [1123, 2803]
178   [2, 2, 1, 2, 3, 3, 3, 3, 2]    [1129]
179   [0, 0, 0, 0, 0, 1, 1, 1, 1]    [1151]
180   [5, 6, 7, 7, 6, 6, 7, 7, 3]    [1153]
181   [1, 0, 1, 1, 0, 1, 1, 1, 1]    [1163, 3203, 10067]
182   [1, 1, 0, 1, 1, 0, 0, 0, 0]    [1171, 6451]
183   [2, 2, 1, 2, 0, 2, 0, 2, 1]    [1181]
184   [1, 0, 1, 1, 0, 0, 1, 1, 0]    [1187]
185   [1, 3, 3, 3, 1, 2, 3, 3, 3]    [1193]
186   [2, 2, 3, 3, 4, 4, 4, 3, 4]    [1201]
187   [2, 0, 2, 0, 1, 0, 2, 1, 2]    [1213]
188   [3, 6, 6, 6, 6, 6, 6, 2, 6]    [1217]
189   [0, 0, 1, 0, 0, 0, 0, 1, 1]    [1223, 8447, 10247]
190   [2, 2, 1, 1, 2, 2, 2, 2, 2]    [1229]
191   [2, 0, 2, 2, 1, 2, 0, 2, 0]    [1237]
192   [2, 4, 4, 5, 5, 4, 1, 5, 5]    [1249]
193   [1, 0, 0, 0, 1, 1, 0, 1, 0]    [1259]
194   [2, 2, 2, 2, 0, 0, 0, 0, 0]    [1277]
195   [0, 1, 0, 0, 1, 1, 0, 1, 0]    [1279, 3391, 6271, 15559]
196   [1, 0, 1, 1, 0, 0, 0, 0, 1]    [1283, 16067]
197   [0, 3, 2, 1, 3, 3, 3, 2, 0]    [1289]
198   [1, 1, 0, 0, 1, 0, 0, 0, 1]    [1291, 11779]
199   [3, 1, 4, 3, 4, 3, 4, 2, 1]    [1297]
200   [2, 2, 1, 2, 1, 0, 0, 1, 1]    [1301, 7901]
201   [0, 1, 1, 1, 1, 0, 1, 1, 0]    [1303, 7687, 16927]
202   [1, 0, 1, 0, 1, 1, 0, 0, 0]    [1307, 4283]
203   [0, 0, 0, 0, 0, 1, 1, 0, 1]    [1319, 9719, 13151, 15671]
204   [2, 0, 2, 3, 0, 3, 3, 3, 3]    [1321]
205   [0, 1, 1, 1, 0, 0, 0, 1, 1]    [1327, 6343, 11743, 14407, 17047]
206   [3, 4, 2, 4, 4, 1, 2, 4, 3]    [1361]
207   [0, 0, 1, 1, 1, 1, 1, 0, 0]    [1367, 15647]
208   [2, 2, 2, 0, 1, 2, 1, 1, 1]    [1373]
209   [2, 0, 1, 0, 2, 0, 0, 2, 1]    [1381]
210   [0, 1, 0, 0, 0, 1, 1, 0, 0]    [1399, 6079, 6151, 9679]
211   [6, 7, 6, 2, 6, 7, 6, 7, 6]    [1409]
212   [0, 1, 1, 1, 1, 1, 1, 1, 0]    [1423]
213   [1, 0, 1, 0, 0, 0, 0, 0, 1]    [1427, 7523]
214   [2, 1, 0, 0, 2, 1, 1, 1, 1]    [1429]
215   [0, 3, 3, 3, 2, 1, 3, 3, 3]    [1433]
216   [0, 0, 0, 1, 1, 0, 1, 0, 1]    [1439, 8999]
217   [1, 0, 0, 1, 0, 1, 1, 1, 1]    [1451, 16451]
218   [2, 0, 2, 0, 0, 0, 1, 1, 0]    [1453]
219   [1, 1, 0, 0, 0, 0, 1, 0, 0]    [1459, 2131, 12619, 15259]
220   [0, 1, 0, 1, 0, 1, 0, 0, 0]    [1471, 11239, 15199]
221   [1, 3, 2, 0, 3, 0, 1, 3, 2]    [1481]
222   [1, 1, 1, 0, 1, 0, 0, 1, 0]    [1483, 6163]
223   [0, 0, 1, 0, 0, 1, 0, 1, 0]    [1487, 3863, 7607]
224   [3, 3, 2, 4, 3, 4, 4, 3, 4]    [1489]
225   [2, 2, 2, 1, 2, 2, 2, 1, 2]    [1493]
226   [1, 0, 0, 1, 1, 0, 1, 1, 1]    [1499, 6659]
227   [0, 0, 0, 0, 1, 0, 0, 0, 1]    [1511, 4079, 12479]
228   [1, 0, 1, 1, 1, 1, 1, 0, 0]    [1523, 5987, 8387, 11243]
229   [1, 1, 0, 0, 0, 0, 0, 1, 1]    [1531]
230   [0, 1, 1, 0, 1, 0, 0, 1, 1]    [1543]
231   [2, 1, 1, 1, 0, 2, 0, 2, 1]    [1549]
232   [1, 4, 4, 4, 4, 4, 4, 4, 2]    [1553]
233   [0, 0, 0, 0, 0, 0, 1, 1, 1]    [1559, 2999, 16631]
234   [0, 1, 1, 0, 1, 1, 1, 1, 1]    [1567, 3463, 5647, 11863]
235   [1, 0, 0, 0, 1, 1, 1, 0, 0]    [1571, 7451, 10211]
236   [1, 1, 0, 1, 0, 1, 0, 0, 0]    [1579, 12979]
237   [2, 0, 2, 1, 2, 2, 0, 1, 2]    [1597]
238   [4, 6, 4, 6, 6, 6, 6, 0, 6]    [1601]
239   [0, 2, 0, 3, 0, 0, 3, 3, 3]    [1609]
240   [2, 2, 2, 2, 2, 1, 0, 1, 1]    [1613]
241   [1, 0, 0, 1, 0, 1, 0, 1, 1]    [1619, 9011, 15971]
242   [2, 0, 0, 0, 0, 1, 2, 0, 2]    [1621]
243   [2, 2, 2, 2, 0, 0, 2, 2, 0]    [1637]
244   [2, 0, 3, 3, 3, 3, 0, 2, 2]    [1657]
245   [0, 1, 1, 1, 0, 0, 1, 0, 0]    [1663, 4663, 8527]
246   [1, 0, 1, 1, 0, 0, 0, 0, 0]    [1667]
247   [2, 0, 1, 2, 2, 2, 2, 1, 0]    [1669]
248   [2, 1, 2, 2, 2, 0, 2, 2, 2]    [1693]
249   [4, 5, 5, 5, 1, 5, 5, 2, 3]    [1697]
250   [1, 1, 0, 0, 1, 0, 0, 0, 0]    [1699, 8011]
251   [2, 2, 1, 1, 1, 2, 1, 2, 2]    [1709]
252   [0, 3, 1, 3, 2, 3, 0, 1, 3]    [1721]
253   [1, 1, 1, 1, 0, 1, 1, 0, 0]    [1723, 3907, 7963]
254   [2, 2, 2, 0, 2, 1, 0, 1, 0]    [1733]
255   [2, 1, 0, 2, 0, 1, 2, 2, 0]    [1741]
256   [1, 2, 3, 3, 2, 3, 2, 2, 3]    [1753]
257   [1, 3, 4, 4, 4, 3, 3, 4, 3]    [1777]
258   [0, 1, 1, 0, 1, 1, 0, 1, 1]    [1783, 12967, 14503]
259   [1, 0, 1, 1, 1, 1, 0, 1, 1]    [1787, 7547, 14723]
260   [2, 1, 1, 1, 2, 2, 1, 2, 1]    [1789]
261   [0, 1, 2, 1, 3, 3, 2, 3, 3]    [1801]
262   [1, 0, 0, 0, 0, 0, 0, 1, 0]    [1811, 9539, 12899]
263   [0, 0, 1, 0, 0, 0, 0, 0, 1]    [1823, 3527, 13103, 16103]
264   [0, 1, 0, 1, 1, 1, 1, 1, 0]    [1831, 4519, 7351]
265   [2, 1, 0, 2, 2, 2, 1, 2, 2]    [1861, 13669]
266   [1, 1, 1, 0, 0, 1, 1, 1, 1]    [1867, 9547]
267   [0, 0, 0, 1, 1, 0, 0, 1, 1]    [1871]
268   [3, 3, 4, 0, 3, 2, 4, 1, 4]    [1873]
269   [2, 2, 2, 1, 2, 2, 2, 2, 2]    [1877]
270   [0, 1, 0, 0, 1, 1, 0, 1, 1]    [1879, 3919]
271   [3, 5, 3, 5, 5, 4, 0, 5, 4]    [1889]
272   [2, 2, 1, 1, 0, 0, 2, 0, 2]    [1901]
273   [1, 0, 1, 0, 1, 0, 1, 1, 0]    [1907, 7283, 7643, 12347]
274   [0, 3, 3, 2, 3, 3, 0, 3, 2]    [1913]
275   [1, 0, 0, 0, 0, 1, 1, 0, 0]    [1931, 13331]
276   [2, 1, 2, 1, 2, 1, 2, 2, 0]    [1933]
277   [2, 2, 0, 2, 2, 0, 2, 1, 2]    [1949]
278   [0, 1, 0, 0, 1, 0, 0, 0, 0]    [1951, 17359]
279   [2, 2, 2, 2, 1, 0, 1, 1, 1]    [1973]
280   [1, 0, 0, 0, 0, 0, 1, 0, 1]    [1979, 10331]
281   [1, 1, 1, 0, 0, 1, 0, 1, 1]    [1987, 3307, 7867, 12547]
282   [2, 1, 3, 3, 3, 2, 2, 2, 3]    [1993]
283   [2, 2, 2, 0, 2, 2, 0, 2, 2]    [1997, 8093]
284   [0, 1, 0, 1, 0, 0, 1, 1, 0]    [1999, 4111]
285   [1, 0, 1, 1, 1, 0, 1, 0, 1]    [2003, 15227]
286   [1, 1, 0, 1, 1, 0, 1, 1, 0]    [2011, 9619]
287   [4, 4, 5, 4, 2, 5, 5, 5, 3]    [2017]
288   [1, 0, 1, 1, 1, 0, 0, 0, 1]    [2027, 5867, 7907, 9227]
289   [2, 0, 1, 2, 0, 0, 2, 2, 2]    [2029]
290   [0, 0, 0, 1, 1, 1, 0, 1, 0]    [2039]
291   [2, 1, 2, 1, 2, 0, 0, 1, 1]    [2053]
292   [0, 0, 1, 0, 0, 0, 1, 1, 1]    [2063, 3407, 6863]
293   [2, 2, 1, 0, 0, 2, 2, 1, 2]    [2069]
294   [4, 5, 3, 4, 5, 4, 5, 5, 5]    [2081]
295   [1, 1, 1, 1, 1, 0, 0, 0, 1]    [2083, 4027, 11467]
296   [0, 0, 1, 1, 0, 1, 0, 1, 0]    [2087, 4127]
297   [0, 2, 2, 3, 3, 2, 2, 3, 3]    [2089]
298   [1, 0, 0, 0, 1, 1, 0, 1, 1]    [2099]
299   [0, 0, 0, 1, 0, 1, 1, 0, 1]    [2111, 2879, 11351]
300   [2, 5, 6, 6, 5, 6, 6, 0, 6]    [2113]
301   [2, 4, 1, 3, 4, 0, 1, 3, 0]    [2129]
302   [2, 1, 3, 2, 2, 3, 3, 2, 3]    [2137]
303   [2, 2, 1, 2, 2, 0, 0, 2, 1]    [2141]
304   [0, 1, 1, 1, 1, 1, 0, 0, 1]    [2143, 4327, 15607]
305   [2, 3, 3, 0, 3, 3, 3, 2, 3]    [2153]
306   [3, 3, 3, 4, 2, 0, 3, 4, 4]    [2161]
307   [1, 1, 1, 0, 1, 1, 1, 0, 1]    [2203, 7507]
308   [0, 0, 1, 1, 0, 0, 1, 0, 0]    [2207, 4967, 5807, 8087]
309   [2, 2, 2, 0, 2, 1, 2, 0, 2]    [2213]
310   [2, 0, 1, 1, 2, 2, 2, 1, 0]    [2221]
311   [2, 2, 2, 0, 0, 1, 2, 2, 1]    [2237]
312   [0, 1, 0, 0, 0, 0, 1, 1, 1]    [2239, 2791, 15391]
313   [1, 0, 1, 0, 0, 1, 0, 1, 1]    [2243, 14867]
314   [1, 1, 0, 1, 0, 1, 1, 1, 0]    [2251, 6091]
315   [1, 0, 1, 0, 1, 1, 1, 1, 1]    [2267, 3083, 5003, 13187]
316   [2, 1, 0, 0, 0, 2, 1, 2, 2]    [2269]
317   [3, 5, 5, 5, 5, 5, 5, 5, 5]    [2273]
318   [1, 2, 2, 3, 1, 3, 3, 0, 1]    [2281]
319   [0, 1, 1, 0, 0, 0, 0, 1, 0]    [2287, 8623, 9127, 14143]
320   [2, 1, 2, 1, 0, 2, 1, 2, 1]    [2293]
321   [2, 3, 3, 2, 0, 2, 2, 2, 3]    [2297]
322   [2, 2, 0, 2, 2, 2, 2, 2, 1]    [2309]
323   [0, 1, 0, 1, 1, 0, 0, 0, 0]    [2311]
324   [2, 2, 2, 0, 1, 2, 1, 2, 2]    [2333]
325   [1, 0, 0, 1, 0, 0, 1, 0, 1]    [2339, 5651, 7211]
326   [2, 0, 1, 2, 1, 1, 2, 1, 1]    [2341]
327   [1, 1, 1, 1, 1, 1, 0, 0, 1]    [2347, 14347]
328   [0, 0, 0, 0, 0, 1, 1, 0, 0]    [2351]
329   [2, 2, 2, 2, 1, 0, 2, 0, 2]    [2357, 11597]
330   [1, 1, 0, 0, 0, 1, 0, 0, 1]    [2371]
331   [2, 2, 3, 0, 0, 3, 3, 3, 2]    [2377]
332   [2, 2, 1, 1, 1, 2, 0, 1, 0]    [2381]
333   [0, 1, 1, 0, 0, 0, 1, 0, 0]    [2383, 13807, 16903]
334   [2, 1, 1, 1, 2, 1, 0, 2, 2]    [2389]
335   [1, 3, 3, 3, 3, 2, 2, 3, 2]    [2393]
336   [0, 0, 0, 0, 1, 1, 0, 1, 0]    [2399, 12071]
337   [1, 0, 0, 0, 0, 1, 1, 1, 0]    [2411, 5939]
338   [3, 4, 4, 2, 4, 3, 4, 3, 3]    [2417]
339   [2, 1, 2, 1, 2, 2, 2, 0, 2]    [2437]
340   [0, 3, 0, 3, 3, 0, 3, 2, 2]    [2441]
341   [0, 0, 1, 1, 1, 0, 0, 0, 1]    [2447, 3623, 5303, 7583]
342   [1, 0, 0, 1, 0, 1, 1, 0, 0]    [2459, 12251]
343   [1, 1, 1, 0, 1, 0, 0, 1, 1]    [2467, 2707, 10267, 11443, 16987]
344   [1, 1, 3, 2, 2, 2, 2, 3, 2]    [2473]
345   [2, 2, 2, 2, 2, 2, 2, 0, 1]    [2477]
346   [0, 1, 1, 1, 0, 1, 0, 0, 0]    [2503, 2767, 5167, 5623, 11887]
347   [2, 1, 2, 1, 3, 0, 3, 3, 3]    [2521]
348   [1, 0, 0, 1, 1, 0, 0, 1, 1]    [2531, 11411]
349   [1, 1, 0, 0, 1, 0, 1, 0, 1]    [2539, 9931]
350   [0, 0, 1, 1, 0, 1, 1, 1, 1]    [2543, 6287, 11447, 15527]
351   [2, 2, 0, 1, 2, 0, 1, 2, 2]    [2549]
352   [0, 1, 0, 0, 0, 0, 0, 1, 0]    [2551, 4759, 8839]
353   [2, 0, 2, 1, 0, 0, 2, 0, 1]    [2557]
354   [1, 0, 0, 0, 1, 1, 1, 0, 1]    [2579, 3491, 6131]
355   [0, 3, 5, 5, 5, 5, 3, 3, 5]    [2593]
356   [3, 4, 2, 4, 4, 2, 3, 2, 4]    [2609]
357   [2, 2, 3, 3, 3, 0, 0, 3, 0]    [2617]
358   [2, 2, 0, 2, 0, 2, 2, 2, 2]    [2621, 16229]
359   [2, 3, 3, 0, 1, 3, 2, 1, 3]    [2633]
360   [0, 1, 1, 1, 0, 1, 1, 1, 1]    [2647]
361   [1, 5, 5, 3, 5, 5, 5, 3, 2]    [2657]
362   [1, 1, 0, 0, 0, 1, 1, 0, 0]    [2659, 13219]
363   [0, 0, 1, 0, 1, 1, 1, 0, 1]    [2663, 11927, 16127]
364   [0, 1, 0, 1, 1, 1, 0, 1, 1]    [2671, 4951]
365   [2, 0, 2, 2, 0, 1, 0, 0, 0]    [2677]
366   [1, 1, 1, 1, 0, 1, 1, 1, 0]    [2683, 4243, 14827]
367   [0, 0, 1, 0, 1, 0, 0, 0, 0]    [2687]
368   [5, 6, 5, 6, 6, 7, 7, 7, 7]    [2689]
369   [2, 2, 2, 2, 1, 2, 2, 2, 0]    [2693, 11213]
370   [1, 0, 0, 1, 1, 1, 0, 1, 1]    [2699, 13931, 14939, 15299]
371   [0, 0, 0, 1, 1, 1, 0, 0, 0]    [2711, 6911]
372   [2, 2, 3, 2, 3, 1, 3, 3, 3]    [2713]
373   [0, 1, 0, 0, 0, 1, 0, 0, 0]    [2719, 4231, 12799, 13999]
374   [2, 3, 2, 3, 0, 1, 2, 3, 3]    [2729]
375   [1, 1, 0, 1, 1, 0, 1, 0, 0]    [2731, 7219]
376   [2, 2, 1, 0, 2, 2, 1, 1, 1]    [2741]
377   [2, 1, 0, 2, 2, 2, 2, 2, 1]    [2749]
378   [5, 6, 6, 4, 5, 2, 5, 1, 5]    [2753]
379   [2, 3, 3, 3, 0, 3, 3, 3, 3]    [2777]
380   [2, 2, 0, 2, 2, 2, 0, 2, 1]    [2789]
381   [2, 0, 2, 1, 0, 2, 0, 0, 2]    [2797]
382   [3, 4, 1, 0, 4, 4, 3, 4, 3]    [2801]
383   [1, 0, 0, 0, 1, 1, 1, 1, 1]    [2819, 6011, 10979, 14411]
384   [1, 2, 4, 4, 4, 3, 4, 4, 1]    [2833]
385   [2, 2, 2, 0, 2, 0, 0, 1, 1]    [2837]
386   [1, 0, 1, 1, 1, 0, 0, 0, 0]    [2843, 16787]
387   [1, 2, 3, 2, 3, 2, 1, 2, 3]    [2857]
388   [2, 2, 0, 2, 0, 0, 2, 0, 0]    [2861]
389   [0, 1, 1, 0, 1, 0, 1, 0, 1]    [2887]
390   [3, 4, 4, 4, 2, 4, 4, 3, 4]    [2897]
391   [0, 0, 1, 0, 0, 0, 0, 0, 0]    [2903]
392   [2, 2, 0, 0, 1, 1, 1, 2, 2]    [2909]
393   [2, 1, 2, 2, 2, 2, 2, 2, 2]    [2917, 4597, 7213]
394   [0, 0, 1, 1, 1, 1, 1, 1, 1]    [2927, 6143, 10343]
395   [1, 0, 0, 0, 0, 0, 0, 0, 1]    [2939, 3251, 11171, 13859]
396   [2, 1, 3, 3, 1, 3, 3, 3, 2]    [2953]
397   [2, 2, 2, 2, 1, 2, 0, 2, 1]    [2957]
398   [1, 0, 1, 1, 1, 0, 1, 0, 0]    [2963, 7043, 12923, 13883, 15107]
399   [0, 3, 0, 2, 3, 3, 3, 1, 1]    [2969]
400   [1, 1, 0, 0, 1, 1, 0, 1, 1]    [2971, 6571]
401   [2, 2, 1, 3, 0, 3, 0, 3, 3]    [3001]
402   [1, 0, 0, 1, 0, 1, 0, 1, 0]    [3011, 5051]
403   [1, 1, 0, 1, 1, 0, 1, 1, 1]    [3019, 8779]
404   [2, 1, 2, 2, 0, 2, 2, 1, 1]    [3037]
405   [4, 5, 4, 5, 4, 4, 3, 1, 5]    [3041]
406   [1, 2, 2, 2, 3, 3, 3, 2, 2]    [3049]
407   [2, 1, 1, 0, 0, 2, 1, 2, 1]    [3061]
408   [1, 1, 1, 1, 1, 0, 1, 0, 1]    [3067, 6763]
409   [0, 1, 0, 0, 0, 1, 0, 1, 0]    [3079, 9631]
410   [2, 4, 3, 3, 3, 4, 4, 3, 4]    [3089]
411   [2, 1, 0, 0, 2, 2, 0, 2, 1]    [3109]
412   [0, 0, 0, 1, 0, 0, 0, 0, 0]    [3119]
413   [2, 3, 1, 4, 4, 3, 4, 2, 3]    [3121]
414   [4, 6, 6, 4, 6, 4, 5, 6, 4]    [3137]
415   [1, 1, 1, 0, 0, 0, 0, 1, 1]    [3163, 6067]
416   [4, 3, 4, 5, 4, 0, 5, 5, 4]    [3169]
417   [2, 0, 1, 2, 2, 1, 0, 2, 2]    [3181]
418   [1, 1, 1, 1, 0, 1, 0, 0, 1]    [3187, 7603]
419   [2, 3, 1, 3, 3, 3, 2, 0, 1]    [3209]
420   [2, 3, 4, 2, 1, 4, 3, 1, 4]    [3217]
421   [2, 2, 1, 1, 0, 0, 1, 2, 0]    [3221]
422   [2, 0, 0, 0, 2, 2, 1, 2, 0]    [3229]
423   [2, 0, 2, 2, 2, 1, 2, 0, 2]    [3253]
424   [0, 3, 3, 0, 2, 3, 3, 3, 3]    [3257]
425   [1, 1, 0, 1, 1, 0, 1, 0, 1]    [3259]
426   [0, 1, 0, 1, 1, 1, 1, 0, 0]    [3271, 13759]
427   [2, 1, 0, 1, 1, 1, 2, 2, 1]    [3301]
428   [2, 3, 4, 3, 4, 4, 3, 3, 2]    [3313]
429   [0, 1, 0, 1, 0, 0, 0, 0, 0]    [3319, 3511, 14431]
430   [1, 0, 1, 0, 1, 1, 0, 1, 0]    [3323, 7187]
431   [7, 8, 7, 7, 8, 4, 8, 7, 8]    [3329]
432   [1, 1, 0, 0, 1, 0, 0, 1, 0]    [3331, 4339, 10531, 11059]
433   [0, 1, 1, 1, 0, 1, 1, 0, 1]    [3343, 11503, 12007]
434   [1, 0, 1, 1, 1, 1, 0, 0, 1]    [3347]
435   [0, 0, 0, 0, 1, 1, 1, 0, 1]    [3359, 14591]
436   [3, 4, 4, 3, 5, 5, 5, 3, 3]    [3361]
437   [1, 0, 0, 1, 1, 0, 1, 0, 1]    [3371, 4211]
438   [2, 0, 2, 2, 2, 2, 2, 2, 2]    [3373]
439   [2, 2, 1, 0, 1, 0, 2, 0, 1]    [3389]
440   [2, 2, 2, 1, 0, 2, 0, 2, 0]    [3413]
441   [2, 2, 3, 3, 0, 0, 2, 3, 0]    [3433]
442   [0, 3, 0, 3, 3, 2, 2, 3, 3]    [3449]
443   [6, 6, 7, 7, 5, 6, 7, 7, 7]    [3457]
444   [2, 2, 0, 2, 2, 1, 2, 2, 2]    [3461]
445   [1, 0, 1, 1, 0, 0, 0, 1, 0]    [3467, 4523]
446   [2, 0, 1, 0, 1, 2, 1, 1, 2]    [3469]
447   [1, 1, 0, 0, 1, 1, 1, 0, 1]    [3499, 8539]
448   [2, 1, 2, 2, 2, 2, 1, 2, 2]    [3517]
449   [1, 1, 2, 0, 2, 3, 3, 3, 3]    [3529]
450   [2, 2, 2, 2, 2, 1, 2, 2, 2]    [3533]
451   [1, 0, 0, 1, 0, 0, 1, 1, 0]    [3539]
452   [2, 1, 1, 2, 2, 2, 2, 0, 2]    [3541]
453   [1, 1, 1, 0, 1, 1, 1, 0, 0]    [3547]
454   [2, 2, 2, 1, 0, 2, 0, 0, 2]    [3557]
455   [0, 1, 0, 0, 0, 0, 1, 1, 0]    [3559]
456   [1, 1, 0, 1, 0, 0, 0, 0, 1]    [3571, 6379, 8059, 15859]
457   [2, 2, 0, 0, 2, 2, 2, 1, 0]    [3581]
458   [0, 1, 1, 0, 0, 1, 0, 1, 1]    [3583, 8263]
459   [2, 3, 3, 1, 3, 3, 3, 3, 3]    [3593]
460   [0, 1, 1, 1, 0, 1, 1, 1, 0]    [3607]
461   [2, 1, 2, 1, 0, 0, 0, 2, 0]    [3613]
462   [4, 5, 5, 5, 2, 2, 3, 0, 4]    [3617]
463   [0, 1, 0, 0, 1, 0, 1, 0, 0]    [3631]
464   [2, 0, 2, 0, 2, 1, 0, 2, 1]    [3637]
465   [1, 1, 1, 0, 0, 0, 1, 0, 1]    [3643]
466   [1, 0, 0, 0, 0, 1, 0, 1, 1]    [3659]
467   [0, 0, 0, 0, 0, 1, 0, 1, 0]    [3671, 14159]
468   [1, 0, 3, 3, 3, 3, 0, 2, 0]    [3673]
469   [2, 2, 2, 1, 0, 2, 2, 2, 2]    [3677]
470   [1, 1, 0, 1, 0, 0, 0, 1, 0]    [3691, 11131]
471   [3, 0, 4, 2, 2, 4, 0, 2, 4]    [3697]
472   [2, 2, 1, 2, 0, 0, 2, 2, 2]    [3701]
473   [2, 1, 0, 2, 2, 0, 2, 1, 0]    [3709]
474   [0, 1, 1, 0, 1, 0, 0, 0, 1]    [3727]
475   [2, 0, 2, 0, 1, 2, 2, 0, 2]    [3733]
476   [1, 1, 0, 1, 0, 1, 0, 0, 1]    [3739]
477   [2, 4, 3, 2, 4, 2, 3, 4, 3]    [3761]
478   [0, 0, 1, 1, 1, 0, 1, 1, 1]    [3767, 16223]
479   [2, 1, 0, 3, 3, 2, 3, 2, 3]    [3769]
480   [1, 0, 0, 0, 0, 0, 1, 1, 0]    [3779, 4091, 8291]
481   [3, 3, 4, 4, 3, 0, 0, 4, 4]    [3793]
482   [2, 2, 2, 2, 2, 1, 2, 0, 1]    [3797]
483   [1, 0, 1, 1, 0, 1, 1, 0, 1]    [3803, 15803]
484   [2, 2, 0, 2, 0, 0, 0, 2, 1]    [3821]
485   [0, 1, 1, 1, 0, 0, 0, 1, 0]    [3823]
486   [1, 3, 3, 2, 0, 3, 1, 3, 3]    [3833]
487   [0, 1, 1, 1, 0, 0, 1, 1, 1]    [3847, 8863, 10903, 12583]
488   [1, 0, 0, 1, 1, 0, 0, 0, 0]    [3851, 13451, 14771]
489   [2, 0, 2, 2, 1, 2, 2, 2, 1]    [3853]
490   [2, 1, 2, 2, 1, 1, 0, 1, 0]    [3877]
491   [2, 3, 0, 3, 1, 3, 3, 2, 3]    [3881]
492   [3, 0, 2, 3, 4, 4, 2, 4, 1]    [3889]
493   [0, 0, 0, 0, 0, 1, 0, 1, 1]    [3911, 4751]
494   [2, 2, 2, 1, 1, 1, 2, 2, 2]    [3917]
495   [1, 0, 1, 0, 0, 0, 0, 1, 1]    [3923, 11483, 11987, 15083]
496   [2, 3, 2, 1, 3, 1, 0, 3, 3]    [3929]
497   [1, 1, 0, 1, 1, 1, 0, 1, 0]    [3931, 9739, 10459, 13171]
498   [0, 1, 1, 1, 1, 0, 0, 0, 0]    [3943, 6367]
499   [1, 0, 1, 0, 1, 1, 1, 0, 0]    [3947]
500   [0, 1, 1, 0, 0, 1, 1, 0, 0]    [3967]
501   [2, 2, 1, 2, 2, 2, 2, 2, 2]    [3989]
502   [3, 5, 3, 3, 5, 3, 5, 3, 5]    [4001]
503   [1, 1, 1, 0, 0, 0, 0, 0, 1]    [4003, 5227, 5827]
504   [0, 0, 1, 0, 1, 0, 1, 1, 0]    [4007, 12983]
505   [2, 2, 2, 0, 0, 1, 1, 0, 2]    [4013]
506   [1, 0, 0, 1, 1, 1, 1, 0, 0]    [4019, 5531]
507   [2, 0, 0, 2, 2, 1, 1, 2, 2]    [4021]
508   [1, 4, 3, 4, 3, 4, 4, 4, 3]    [4049]
509   [0, 1, 3, 2, 0, 1, 3, 3, 1]    [4057]
510   [2, 3, 3, 3, 2, 0, 3, 0, 0]    [4073]
511   [2, 0, 2, 2, 1, 2, 0, 2, 2]    [4093]
512   [1, 1, 0, 1, 0, 0, 0, 0, 0]    [4099, 11491]
513   [4, 0, 3, 5, 2, 5, 4, 4, 0]    [4129]
514   [2, 2, 2, 2, 2, 0, 0, 2, 0]    [4133]
515   [1, 0, 0, 1, 1, 1, 0, 1, 0]    [4139, 4691]
516   [1, 0, 3, 2, 3, 3, 3, 1, 1]    [4153]
517   [2, 2, 2, 2, 2, 0, 0, 2, 2]    [4157, 11717, 16253]
518   [0, 1, 0, 1, 1, 0, 1, 1, 0]    [4159]
519   [0, 3, 4, 4, 4, 3, 4, 2, 4]    [4177]
520   [0, 2, 0, 2, 3, 3, 1, 3, 3]    [4201]
521   [1, 3, 3, 3, 2, 3, 2, 3, 0]    [4217]
522   [1, 1, 0, 0, 0, 1, 1, 1, 0]    [4219, 5059, 10771]
523   [2, 2, 1, 0, 0, 1, 1, 1, 2]    [4229]
524   [3, 4, 3, 4, 4, 3, 3, 3, 3]    [4241]
525   [2, 2, 2, 0, 2, 2, 2, 1, 2]    [4253, 10733]
526   [1, 0, 0, 0, 0, 1, 0, 0, 1]    [4259, 12491, 16931]
527   [2, 1, 1, 2, 1, 1, 2, 0, 1]    [4261]
528   [0, 0, 0, 1, 1, 1, 0, 0, 1]    [4271, 6791, 11279]
529   [1, 3, 4, 4, 1, 1, 4, 3, 3]    [4273]
530   [4, 6, 5, 6, 6, 5, 6, 6, 6]    [4289]
531   [0, 0, 3, 3, 3, 3, 0, 3, 3]    [4297]
532   [3, 4, 4, 1, 0, 4, 3, 3, 2]    [4337]
533   [2, 2, 0, 0, 1, 2, 2, 0, 0]    [4349]
534   [2, 1, 2, 2, 1, 2, 2, 0, 2]    [4357]
535   [1, 1, 1, 1, 0, 1, 1, 0, 1]    [4363, 9787, 11923]
536   [2, 2, 2, 2, 2, 2, 0, 2, 1]    [4373]
537   [0, 0, 0, 1, 0, 0, 1, 0, 0]    [4391, 13679]
538   [2, 2, 2, 0, 2, 0, 2, 2, 0]    [4397]
539   [0, 3, 0, 3, 2, 3, 3, 2, 2]    [4409]
540   [2, 2, 1, 1, 2, 1, 0, 2, 2]    [4421]
541   [0, 1, 1, 0, 1, 0, 1, 0, 0]    [4423, 9343]
542   [2, 1, 1, 3, 3, 3, 2, 3, 1]    [4441]
543   [1, 0, 0, 0, 0, 1, 1, 1, 1]    [4451, 13691]
544   [1, 3, 3, 3, 3, 3, 3, 2, 1]    [4457]
545   [0, 0, 1, 1, 0, 0, 0, 1, 1]    [4463]
546   [4, 7, 6, 6, 4, 6, 7, 5, 7]    [4481]
547   [2, 2, 2, 2, 0, 2, 2, 0, 0]    [4493]
548   [1, 1, 1, 0, 0, 0, 0, 1, 0]    [4507]
549   [0, 3, 5, 5, 2, 5, 4, 5, 5]    [4513]
550   [2, 2, 2, 1, 2, 2, 2, 2, 1]    [4517]
551   [2, 1, 1, 2, 2, 1, 2, 2, 1]    [4549]
552   [3, 0, 1, 3, 4, 4, 4, 1, 4]    [4561]
553   [0, 1, 1, 0, 0, 0, 1, 1, 1]    [4567]
554   [0, 0, 1, 0, 0, 1, 1, 1, 1]    [4583]
555   [0, 1, 0, 0, 1, 1, 0, 0, 0]    [4591, 17191]
556   [2, 1, 0, 0, 1, 2, 2, 1, 2]    [4621]
557   [2, 2, 2, 2, 2, 1, 0, 1, 2]    [4637]
558   [0, 1, 0, 0, 0, 1, 0, 0, 1]    [4639]
559   [1, 0, 1, 1, 1, 1, 0, 1, 0]    [4643, 11867]
560   [2, 3, 2, 2, 3, 3, 0, 3, 2]    [4649]
561   [1, 1, 0, 0, 1, 0, 1, 0, 0]    [4651, 6691, 12211, 12379]
562   [2, 3, 4, 0, 3, 3, 0, 4, 4]    [4657]
563   [5, 6, 6, 4, 3, 6, 2, 6, 4]    [4673]
564   [0, 0, 0, 0, 1, 0, 0, 1, 0]    [4679, 8111, 10079]
565   [0, 0, 1, 0, 0, 0, 1, 0, 0]    [4703, 12143]
566   [0, 4, 3, 4, 4, 4, 4, 2, 3]    [4721]
567   [1, 1, 1, 0, 1, 0, 1, 1, 1]    [4723, 13963, 15643]
568   [2, 2, 2, 2, 3, 1, 3, 0, 3]    [4729]
569   [2, 2, 2, 0, 0, 1, 2, 2, 0]    [4733]
570   [0, 1, 1, 1, 1, 0, 1, 0, 0]    [4783, 6967, 11047]
571   [1, 0, 1, 0, 0, 0, 1, 0, 1]    [4787]
572   [2, 1, 1, 1, 0, 2, 2, 1, 2]    [4789]
573   [2, 3, 3, 3, 3, 2, 1, 0, 1]    [4793]
574   [0, 0, 0, 1, 1, 1, 1, 1, 0]    [4799, 12959, 13799]
575   [4, 4, 5, 6, 5, 5, 6, 6, 6]    [4801]
576   [2, 1, 2, 0, 2, 0, 0, 1, 0]    [4813]
577   [2, 4, 4, 0, 4, 4, 4, 4, 4]    [4817]
578   [0, 1, 0, 1, 0, 1, 1, 1, 1]    [4831, 6199, 9319, 14071, 15439, 15919]
579   [2, 0, 0, 2, 2, 0, 1, 0, 1]    [4861]
580   [0, 0, 0, 0, 1, 0, 0, 1, 1]    [4871, 5591]
581   [2, 2, 2, 2, 0, 2, 0, 2, 1]    [4877]
582   [2, 3, 1, 3, 2, 2, 3, 1, 0]    [4889]
583   [0, 1, 1, 0, 0, 1, 1, 1, 1]    [4903, 12823]
584   [2, 0, 0, 1, 1, 2, 1, 1, 2]    [4909]
585   [1, 0, 0, 0, 1, 0, 0, 0, 1]    [4931, 7019]
586   [2, 0, 2, 2, 0, 2, 2, 2, 2]    [4933]
587   [1, 3, 3, 2, 0, 0, 3, 1, 3]    [4937]
588   [0, 0, 1, 1, 1, 0, 0, 0, 0]    [4943, 10487, 14543, 15383, 15887]
589   [2, 0, 2, 1, 2, 1, 2, 1, 1]    [4957]
590   [2, 0, 1, 3, 3, 0, 3, 3, 2]    [4969]
591   [2, 2, 2, 2, 1, 2, 1, 2, 2]    [4973]
592   [4, 6, 7, 5, 7, 6, 7, 7, 4]    [4993]
593   [0, 1, 0, 1, 1, 1, 0, 0, 1]    [4999, 11071]
594   [3, 4, 3, 2, 2, 3, 4, 4, 2]    [5009]
595   [1, 1, 0, 0, 0, 1, 0, 0, 0]    [5011]
596   [2, 2, 0, 1, 0, 0, 2, 0, 2]    [5021]
597   [0, 0, 0, 0, 1, 1, 1, 1, 1]    [5039]
598   [2, 1, 2, 0, 2, 2, 2, 1, 2]    [5077]
599   [0, 3, 1, 3, 3, 3, 2, 3, 3]    [5081]
600   [0, 0, 1, 0, 1, 0, 0, 0, 1]    [5087, 11807]
601   [1, 0, 0, 0, 0, 0, 0, 1, 1]    [5099, 6971]
602   [2, 0, 0, 2, 2, 2, 0, 1, 1]    [5101]
603   [1, 1, 1, 1, 1, 1, 1, 0, 1]    [5107, 5923, 14683, 16963]
604   [1, 0, 3, 3, 2, 1, 2, 3, 3]    [5113]
605   [0, 1, 0, 1, 1, 0, 0, 0, 1]    [5119, 7879, 12919]
606   [1, 0, 1, 1, 0, 0, 0, 1, 1]    [5147, 13043]
607   [4, 5, 5, 4, 4, 5, 0, 0, 3]    [5153]
608   [1, 0, 0, 0, 1, 0, 1, 0, 0]    [5171, 9491, 17099]
609   [2, 2, 0, 1, 2, 2, 0, 2, 2]    [5189]
610   [2, 1, 2, 2, 1, 0, 2, 2, 2]    [5197]
611   [0, 1, 2, 2, 3, 0, 3, 3, 3]    [5209]
612   [0, 0, 0, 1, 0, 1, 1, 1, 0]    [5231]
613   [2, 2, 4, 1, 4, 4, 4, 4, 2]    [5233]
614   [2, 2, 2, 1, 1, 2, 0, 2, 1]    [5237]
615   [2, 2, 0, 1, 1, 1, 0, 0, 2]    [5261]
616   [2, 3, 3, 0, 1, 3, 3, 3, 2]    [5273]
617   [0, 0, 0, 1, 0, 0, 0, 1, 1]    [5279, 15551, 16319]
618   [4, 3, 1, 5, 4, 2, 5, 5, 5]    [5281]
619   [1, 4, 4, 4, 4, 4, 4, 4, 4]    [5297]
620   [1, 1, 1, 0, 0, 1, 0, 0, 0]    [5323, 8923]
621   [2, 2, 2, 2, 1, 1, 2, 2, 2]    [5333, 8837]
622   [1, 1, 1, 0, 1, 0, 0, 0, 0]    [5347, 15427]
623   [0, 0, 0, 0, 1, 1, 0, 0, 0]    [5351, 6359, 11399, 11471, 15959]
624   [2, 2, 1, 2, 2, 1, 0, 0, 2]    [5381]
625   [1, 0, 1, 1, 0, 1, 0, 0, 0]    [5387]
626   [2, 4, 4, 4, 3, 4, 3, 3, 4]    [5393]
627   [0, 1, 1, 0, 0, 0, 0, 1, 1]    [5407]
628   [2, 0, 2, 1, 0, 2, 2, 1, 0]    [5413]
629   [2, 3, 3, 3, 1, 2, 3, 3, 2]    [5417]
630   [1, 1, 0, 1, 0, 1, 0, 1, 0]    [5419]
631   [0, 1, 0, 0, 0, 0, 0, 1, 1]    [5431, 17239]
632   [2, 0, 2, 2, 1, 0, 2, 2, 1]    [5437]
633   [5, 6, 4, 5, 6, 6, 0, 5, 4]    [5441]
634   [1, 1, 1, 1, 1, 0, 1, 1, 0]    [5443]
635   [2, 1, 0, 3, 0, 3, 0, 3, 3]    [5449]
636   [0, 0, 0, 1, 1, 1, 1, 0, 0]    [5471]
637   [2, 2, 2, 2, 2, 0, 2, 1, 0]    [5477]
638   [0, 1, 0, 0, 1, 1, 1, 1, 0]    [5479]
639   [2, 2, 1, 2, 1, 2, 2, 2, 0]    [5501]
640   [0, 1, 1, 1, 1, 0, 1, 0, 1]    [5503, 6007]
641   [3, 2, 3, 4, 4, 3, 3, 1, 3]    [5521]
642   [0, 1, 1, 1, 1, 1, 0, 1, 0]    [5527, 13567]
643   [2, 0, 2, 2, 2, 2, 1, 0, 2]    [5557]
644   [4, 5, 0, 3, 3, 6, 6, 6, 5]    [5569]
645   [2, 2, 2, 0, 2, 0, 2, 1, 2]    [5573]
646   [2, 1, 1, 1, 1, 1, 2, 2, 2]    [5581]
647   [0, 0, 0, 1, 0, 0, 1, 0, 1]    [5639, 16871, 17159]
648   [2, 2, 2, 3, 2, 2, 3, 2, 0]    [5641]
649   [2, 1, 2, 0, 2, 2, 1, 2, 1]    [5653]
650   [2, 3, 3, 2, 0, 3, 1, 3, 3]    [5657]
651   [2, 2, 1, 2, 1, 1, 1, 1, 2]    [5669]
652   [1, 1, 1, 0, 0, 1, 1, 0, 1]    [5683, 15307]
653   [0, 2, 2, 3, 3, 3, 3, 3, 2]    [5689]
654   [2, 2, 2, 0, 2, 0, 1, 2, 1]    [5693]
655   [2, 0, 1, 2, 0, 2, 2, 0, 2]    [5701]
656   [0, 0, 0, 0, 0, 0, 0, 1, 0]    [5711]
657   [2, 2, 2, 2, 2, 0, 2, 0, 1]    [5717]
658   [0, 2, 3, 1, 3, 0, 1, 3, 3]    [5737]
659   [2, 2, 0, 1, 2, 2, 2, 2, 2]    [5741]
660   [0, 1, 1, 0, 1, 0, 1, 1, 1]    [5743, 8167, 9967]
661   [2, 0, 0, 0, 2, 1, 2, 0, 2]    [5749]
662   [0, 0, 1, 1, 0, 1, 1, 1, 0]    [5783]
663   [0, 1, 0, 1, 1, 1, 1, 0, 1]    [5791, 11719]
664   [2, 3, 2, 3, 2, 2, 2, 0, 3]    [5801]
665   [2, 0, 1, 1, 2, 0, 2, 1, 1]    [5821]
666   [1, 0, 1, 0, 0, 1, 1, 0, 1]    [5843, 6947, 9323, 16187]
667   [2, 3, 2, 0, 3, 1, 1, 2, 3]    [5849]
668   [1, 1, 0, 0, 0, 0, 1, 0, 1]    [5851]
669   [4, 4, 5, 5, 3, 5, 2, 2, 5]    [5857]
670   [2, 2, 0, 1, 0, 2, 1, 0, 2]    [5861]
671   [2, 0, 1, 2, 2, 2, 0, 1, 1]    [5869]
672   [0, 0, 0, 0, 1, 0, 1, 0, 0]    [5879, 10631]
673   [1, 2, 2, 2, 3, 3, 2, 3, 2]    [5881]
674   [2, 3, 3, 3, 2, 3, 2, 0, 2]    [5897]
675   [0, 0, 1, 1, 0, 0, 0, 0, 0]    [5903, 7127]
676   [0, 0, 1, 0, 1, 0, 1, 0, 1]    [5927, 12263, 12743]
677   [5, 5, 6, 6, 6, 4, 6, 5, 6]    [5953]
678   [2, 2, 0, 2, 2, 0, 2, 2, 0]    [5981]
679   [2, 2, 0, 1, 0, 1, 2, 0, 1]    [6029]
680   [2, 1, 2, 2, 1, 2, 1, 2, 2]    [6037]
681   [1, 1, 1, 1, 1, 1, 0, 1, 0]    [6043, 6427]
682   [0, 0, 1, 0, 0, 1, 1, 1, 0]    [6047, 7103, 14783]
683   [2, 2, 2, 2, 1, 2, 1, 0, 1]    [6053]
684   [2, 0, 3, 1, 2, 3, 2, 3, 1]    [6073]
685   [0, 3, 0, 3, 3, 3, 3, 2, 3]    [6089]
686   [2, 2, 1, 0, 2, 0, 1, 2, 0]    [6101]
687   [4, 5, 5, 3, 5, 4, 5, 5, 0]    [6113]
688   [1, 2, 2, 3, 2, 3, 2, 3, 2]    [6121]
689   [2, 1, 2, 1, 2, 0, 0, 2, 2]    [6133]
690   [2, 2, 2, 2, 2, 2, 1, 1, 0]    [6173]
691   [2, 2, 2, 0, 0, 1, 0, 2, 2]    [6197]
692   [1, 0, 1, 1, 0, 1, 0, 1, 1]    [6203]
693   [1, 1, 0, 1, 0, 0, 1, 1, 1]    [6211, 15331, 17299]
694   [2, 2, 3, 0, 3, 2, 3, 0, 3]    [6217]
695   [2, 2, 0, 2, 2, 2, 1, 2, 2]    [6221]
696   [2, 1, 0, 2, 0, 2, 2, 0, 2]    [6229]
697   [0, 1, 1, 0, 0, 1, 0, 0, 0]    [6247, 13327, 16183]
698   [3, 4, 4, 4, 3, 2, 3, 0, 3]    [6257]
699   [0, 0, 1, 0, 1, 0, 1, 0, 0]    [6263, 16943]
700   [2, 2, 0, 1, 2, 0, 1, 2, 0]    [6269]
701   [2, 1, 2, 2, 2, 2, 0, 1, 2]    [6277]
702   [1, 0, 0, 0, 0, 1, 0, 0, 0]    [6299, 8819]
703   [2, 0, 1, 0, 0, 0, 2, 2, 2]    [6301]
704   [0, 0, 0, 1, 0, 1, 0, 0, 1]    [6311, 14519]
705   [2, 2, 2, 2, 0, 1, 2, 0, 2]    [6317]
706   [1, 0, 1, 1, 1, 1, 0, 0, 0]    [6323]
707   [2, 3, 0, 0, 2, 3, 3, 3, 2]    [6329]
708   [5, 4, 6, 5, 4, 6, 5, 6, 5]    [6337]
709   [0, 4, 4, 3, 4, 1, 4, 1, 4]    [6353]
710   [0, 2, 1, 3, 0, 2, 3, 3, 0]    [6361]
711   [2, 1, 2, 2, 0, 0, 0, 2, 1]    [6373]
712   [2, 2, 1, 2, 0, 2, 2, 0, 0]    [6389]
713   [2, 1, 2, 2, 2, 0, 2, 2, 1]    [6397]
714   [2, 0, 0, 1, 2, 1, 2, 2, 1]    [6421]
715   [1, 4, 2, 1, 3, 0, 4, 4, 3]    [6449]
716   [2, 0, 0, 1, 0, 2, 1, 1, 1]    [6469]
717   [2, 3, 3, 3, 2, 0, 0, 3, 3]    [6473]
718   [1, 3, 0, 4, 4, 4, 3, 4, 3]    [6481]
719   [1, 0, 0, 1, 1, 0, 1, 0, 0]    [6491, 10091, 12611, 15731]
720   [1, 3, 1, 2, 2, 3, 3, 2, 2]    [6521]
721   [1, 4, 6, 7, 7, 6, 4, 7, 7]    [6529]
722   [1, 1, 1, 1, 0, 1, 0, 1, 0]    [6547, 11083, 16843]
723   [0, 0, 0, 0, 0, 0, 1, 0, 0]    [6551]
724   [0, 0, 3, 2, 3, 2, 2, 2, 3]    [6553]
725   [1, 0, 1, 1, 0, 1, 0, 0, 1]    [6563]
726   [1, 3, 0, 3, 3, 2, 3, 3, 3]    [6569]
727   [3, 3, 4, 3, 4, 3, 0, 4, 4]    [6577]
728   [2, 2, 0, 1, 1, 0, 1, 1, 0]    [6581]
729   [2, 1, 2, 0, 0, 2, 2, 0, 0]    [6637]
730   [2, 2, 2, 2, 0, 1, 2, 2, 0]    [6653]
731   [2, 0, 0, 0, 2, 2, 2, 1, 2]    [6661]
732   [3, 3, 4, 0, 4, 2, 3, 3, 3]    [6673]
733   [0, 1, 0, 1, 0, 0, 0, 0, 1]    [6679, 8311, 10711]
734   [2, 5, 3, 4, 0, 5, 3, 2, 5]    [6689]
735   [2, 2, 1, 1, 2, 2, 2, 2, 1]    [6701]
736   [0, 1, 1, 1, 1, 1, 1, 0, 0]    [6703, 8647, 11383, 16087]
737   [2, 1, 1, 2, 2, 0, 2, 2, 1]    [6709]
738   [0, 0, 0, 0, 1, 1, 0, 0, 1]    [6719, 8039]
739   [2, 0, 2, 2, 0, 1, 0, 1, 2]    [6733]
740   [3, 4, 4, 4, 1, 3, 4, 2, 4]    [6737]
741   [1, 3, 0, 3, 3, 0, 3, 2, 3]    [6761]
742   [1, 0, 0, 0, 1, 1, 0, 0, 0]    [6779]
743   [1, 1, 3, 3, 3, 3, 3, 3, 2]    [6793]
744   [1, 0, 1, 0, 1, 0, 1, 1, 1]    [6803, 7307]
745   [0, 1, 1, 0, 1, 1, 1, 0, 0]    [6823]
746   [1, 0, 1, 1, 0, 1, 1, 1, 0]    [6827, 7883, 14627]
747   [2, 1, 0, 1, 0, 0, 2, 2, 2]    [6829]
748   [3, 4, 4, 3, 4, 4, 1, 4, 3]    [6833]
749   [1, 2, 1, 1, 3, 2, 3, 0, 3]    [6841]
750   [0, 3, 3, 1, 2, 3, 3, 0, 0]    [6857]
751   [2, 2, 1, 0, 0, 2, 1, 2, 2]    [6869]
752   [0, 1, 0, 1, 0, 1, 1, 0, 0]    [6871]
753   [1, 1, 1, 1, 0, 1, 0, 1, 1]    [6883]
754   [1, 0, 0, 1, 0, 0, 1, 0, 0]    [6899, 11699]
755   [1, 1, 1, 0, 0, 0, 1, 0, 0]    [6907, 9187, 14923]
756   [2, 2, 2, 0, 0, 0, 1, 0, 2]    [6917]
757   [2, 0, 1, 2, 2, 2, 1, 2, 1]    [6949]
758   [0, 0, 0, 1, 0, 0, 1, 1, 1]    [6959, 10271]
759   [3, 3, 0, 4, 0, 4, 3, 3, 4]    [6961]
760   [5, 6, 6, 6, 4, 5, 6, 3, 5]    [6977]
761   [0, 0, 1, 1, 1, 1, 0, 0, 0]    [6983, 16703]
762   [0, 1, 0, 0, 0, 0, 0, 0, 0]    [6991, 10111, 11959]
763   [2, 0, 2, 0, 1, 1, 2, 1, 2]    [6997, 9013]
764   [2, 3, 2, 0, 1, 3, 3, 0, 2]    [7001]
765   [1, 1, 1, 0, 1, 1, 1, 1, 1]    [7027]
766   [0, 1, 0, 1, 0, 1, 0, 1, 1]    [7039]
767   [3, 1, 4, 1, 4, 4, 2, 4, 4]    [7057]
768   [2, 0, 1, 2, 2, 0, 2, 1, 0]    [7069]
769   [0, 0, 0, 1, 0, 1, 1, 1, 1]    [7079, 9479]
770   [2, 2, 0, 1, 1, 2, 2, 2, 0]    [7109]
771   [1, 4, 3, 3, 3, 2, 0, 4, 4]    [7121]
772   [1, 2, 0, 3, 0, 3, 3, 2, 3]    [7129]
773   [0, 0, 0, 1, 1, 0, 1, 1, 0]    [7151, 9311]
774   [2, 1, 3, 0, 2, 2, 3, 3, 0]    [7177]
775   [2, 3, 3, 2, 3, 0, 0, 2, 3]    [7193]
776   [2, 2, 1, 2, 2, 0, 0, 0, 2]    [7229]
777   [2, 0, 2, 2, 2, 0, 2, 0, 2]    [7237]
778   [1, 1, 1, 0, 1, 1, 0, 1, 0]    [7243, 10723]
779   [0, 0, 1, 1, 1, 1, 1, 0, 1]    [7247, 10103, 17207]
780   [2, 2, 2, 0, 1, 1, 2, 2, 1]    [7253]
781   [6, 6, 7, 7, 6, 6, 6, 5, 6]    [7297]
782   [2, 1, 1, 1, 1, 0, 1, 2, 0]    [7309]
783   [2, 1, 1, 3, 3, 3, 3, 2, 3]    [7321]
784   [1, 0, 0, 1, 1, 0, 0, 1, 0]    [7331, 13259]
785   [2, 0, 2, 1, 2, 1, 2, 2, 2]    [7333]
786   [2, 2, 1, 2, 0, 0, 2, 2, 0]    [7349]
787   [2, 1, 2, 3, 3, 3, 1, 0, 2]    [7369]
788   [3, 3, 5, 4, 4, 2, 2, 5, 5]    [7393]
789   [1, 1, 0, 0, 0, 0, 0, 1, 0]    [7411, 7699]
790   [2, 1, 3, 0, 0, 3, 3, 2, 3]    [7417]
791   [2, 3, 3, 3, 3, 2, 0, 0, 0]    [7433]
792   [4, 5, 5, 4, 5, 5, 5, 3, 5]    [7457]
793   [1, 1, 0, 1, 1, 0, 0, 1, 0]    [7459]
794   [2, 0, 2, 0, 2, 2, 2, 2, 1]    [7477, 15373]
795   [1, 3, 2, 3, 2, 3, 1, 3, 2]    [7481]
796   [0, 0, 1, 1, 0, 0, 1, 1, 1]    [7487]
797   [2, 5, 4, 6, 5, 4, 5, 6, 6]    [7489]
798   [1, 0, 0, 1, 0, 1, 0, 0, 1]    [7499, 10259]
799   [2, 2, 2, 2, 0, 0, 2, 2, 2]    [7517, 8693]
800   [0, 3, 1, 1, 2, 3, 2, 0, 2]    [7529]
801   [3, 2, 4, 4, 4, 3, 4, 4, 3]    [7537]
802   [2, 2, 0, 0, 2, 0, 2, 0, 2]    [7541]
803   [2, 1, 1, 2, 1, 1, 0, 1, 2]    [7549]
804   [2, 2, 2, 2, 1, 3, 0, 3, 3]    [7561]
805   [2, 0, 2, 2, 0, 2, 0, 1, 0]    [7573]
806   [1, 3, 3, 3, 1, 3, 3, 3, 3]    [7577]
807   [2, 2, 1, 0, 2, 1, 2, 2, 2]    [7589]
808   [2, 0, 1, 2, 1, 0, 2, 2, 0]    [7621]
809   [0, 1, 0, 1, 1, 1, 1, 1, 1]    [7639]
810   [4, 5, 4, 5, 4, 5, 3, 4, 4]    [7649]
811   [2, 0, 0, 0, 2, 0, 1, 2, 2]    [7669]
812   [2, 3, 3, 0, 3, 2, 3, 2, 3]    [7673]
813   [8, 7, 8, 7, 6, 9, 9, 7, 9]    [7681]
814   [1, 0, 0, 0, 0, 1, 1, 0, 1]    [7691]
815   [2, 0, 2, 2, 2, 2, 0, 2, 0]    [7717]
816   [1, 1, 1, 1, 1, 0, 1, 1, 1]    [7723, 11587]
817   [2, 0, 1, 2, 2, 2, 2, 2, 1]    [7741]
818   [0, 2, 3, 2, 0, 3, 1, 2, 2]    [7753]
819   [2, 2, 2, 0, 2, 1, 2, 0, 1]    [7757]
820   [0, 1, 0, 0, 1, 1, 1, 1, 1]    [7759, 7951, 15511]
821   [2, 1, 0, 2, 1, 2, 2, 2, 2]    [7789]
822   [2, 4, 4, 2, 2, 4, 4, 4, 4]    [7793]
823   [1, 3, 3, 3, 3, 2, 3, 3, 3]    [7817]
824   [0, 0, 1, 1, 0, 0, 1, 0, 1]    [7823, 10007, 13367]
825   [2, 2, 0, 2, 2, 1, 1, 0, 0]    [7829]
826   [3, 5, 2, 4, 4, 5, 2, 5, 5]    [7841]
827   [2, 2, 2, 2, 2, 1, 1, 1, 2]    [7853]
828   [5, 5, 6, 6, 6, 6, 3, 5, 6]    [7873]
829   [2, 2, 2, 1, 1, 1, 2, 1, 2]    [7877]
830   [0, 1, 1, 0, 0, 0, 1, 1, 0]    [7927, 10687]
831   [2, 1, 2, 0, 2, 0, 2, 2, 2]    [7933]
832   [7, 8, 8, 8, 8, 8, 6, 8, 7]    [7937]
833   [2, 2, 1, 1, 2, 2, 2, 1, 2]    [7949]
834   [0, 1, 3, 3, 3, 3, 3, 3, 1]    [7993]
835   [2, 3, 2, 0, 2, 1, 0, 3, 3]    [8009]
836   [3, 1, 4, 1, 3, 1, 4, 4, 3]    [8017]
837   [2, 0, 2, 2, 1, 2, 2, 1, 0]    [8053]
838   [2, 2, 1, 2, 2, 1, 2, 2, 2]    [8069, 11261]
839   [1, 4, 2, 4, 4, 4, 4, 2, 1]    [8081]
840   [2, 0, 0, 2, 1, 1, 3, 3, 0]    [8089]
841   [2, 1, 0, 0, 0, 2, 1, 1, 2]    [8101]
842   [1, 0, 1, 0, 1, 1, 1, 0, 1]    [8123, 10883, 14243]
843   [3, 4, 3, 5, 5, 3, 4, 5, 5]    [8161]
844   [1, 0, 0, 1, 1, 1, 1, 1, 1]    [8171, 11939]
845   [1, 1, 0, 0, 0, 1, 0, 1, 0]    [8179, 14731, 16651]
846   [0, 1, 0, 1, 0, 0, 1, 0, 1]    [8191]
847   [2, 0, 3, 4, 3, 4, 2, 1, 4]    [8209]
848   [2, 1, 0, 2, 0, 2, 2, 2, 2]    [8221]
849   [0, 0, 0, 0, 1, 1, 1, 1, 0]    [8231, 14831]
850   [1, 0, 3, 0, 2, 0, 3, 2, 3]    [8233]
851   [2, 2, 2, 2, 1, 2, 1, 2, 0]    [8237]
852   [2, 1, 0, 0, 2, 1, 2, 0, 0]    [8269]
853   [2, 4, 4, 4, 2, 4, 4, 4, 2]    [8273]
854   [0, 1, 1, 0, 1, 1, 0, 0, 0]    [8287, 15823, 16567]
855   [2, 3, 3, 0, 0, 2, 2, 3, 3]    [8297]
856   [2, 1, 2, 1, 0, 1, 0, 2, 2]    [8317]
857   [2, 2, 2, 3, 3, 1, 2, 1, 2]    [8329]
858   [4, 4, 5, 1, 1, 5, 5, 5, 4]    [8353]
859   [1, 0, 1, 0, 1, 0, 0, 0, 0]    [8363, 13523, 13907]
860   [2, 4, 3, 3, 2, 3, 4, 0, 4]    [8369]
861   [2, 2, 3, 3, 3, 3, 0, 1, 3]    [8377]
862   [2, 1, 0, 2, 2, 1, 0, 2, 2]    [8389]
863   [1, 1, 0, 0, 1, 1, 0, 0, 1]    [8419, 10099, 11731]
864   [2, 2, 0, 1, 0, 2, 2, 2, 2]    [8429]
865   [0, 1, 0, 0, 1, 1, 0, 0, 1]    [8431]
866   [1, 1, 1, 1, 0, 1, 1, 1, 1]    [8443, 15787]
867   [2, 1, 0, 2, 2, 2, 2, 0, 2]    [8461]
868   [1, 1, 1, 1, 0, 0, 0, 0, 1]    [8467, 9643, 10243]
869   [2, 2, 1, 2, 0, 1, 1, 2, 2]    [8501, 9749]
870   [5, 6, 6, 1, 6, 6, 4, 4, 4]    [8513]
871   [2, 0, 2, 2, 3, 3, 1, 2, 3]    [8521]
872   [1, 3, 3, 1, 2, 2, 3, 2, 0]    [8537]
873   [0, 0, 1, 0, 0, 1, 0, 0, 0]    [8543, 9743, 10463, 12647]
874   [2, 2, 2, 2, 1, 2, 2, 1, 2]    [8573]
875   [2, 1, 1, 2, 1, 1, 1, 2, 0]    [8581]
876   [2, 2, 2, 0, 2, 0, 2, 1, 0]    [8597]
877   [0, 1, 0, 0, 0, 1, 1, 1, 0]    [8599, 13879]
878   [2, 5, 1, 5, 5, 4, 5, 5, 5]    [8609]
879   [2, 1, 0, 2, 0, 0, 2, 2, 1]    [8629]
880   [5, 4, 3, 6, 6, 5, 6, 6, 4]    [8641]
881   [2, 2, 1, 2, 0, 2, 0, 1, 2]    [8669, 16061]
882   [2, 0, 2, 0, 1, 2, 2, 2, 1]    [8677]
883   [2, 3, 0, 1, 3, 2, 3, 0, 3]    [8681]
884   [3, 3, 3, 3, 4, 4, 3, 3, 2]    [8689]
885   [1, 0, 0, 0, 1, 1, 1, 1, 0]    [8699, 10499]
886   [1, 1, 1, 0, 0, 0, 1, 1, 1]    [8707, 14563, 17107]
887   [0, 2, 3, 3, 1, 1, 0, 2, 3]    [8713]
888   [0, 1, 0, 1, 0, 0, 0, 1, 1]    [8719]
889   [1, 1, 0, 1, 0, 1, 1, 0, 0]    [8731]
890   [4, 1, 5, 3, 3, 4, 4, 4, 5]    [8737]
891   [2, 2, 0, 2, 2, 2, 2, 0, 0]    [8741]
892   [1, 0, 1, 1, 0, 1, 0, 1, 0]    [8747, 9587, 17123]
893   [3, 4, 4, 4, 4, 3, 2, 4, 2]    [8753]
894   [0, 2, 2, 1, 0, 2, 3, 3, 3]    [8761]
895   [0, 0, 1, 0, 1, 1, 1, 1, 0]    [8783, 9887, 10223]
896   [1, 1, 1, 1, 1, 1, 1, 1, 0]    [8803, 9067, 13267]
897   [0, 0, 1, 1, 0, 1, 0, 0, 0]    [8807, 11783]
898   [2, 1, 0, 0, 2, 2, 0, 1, 1]    [8821]
899   [0, 0, 0, 1, 1, 0, 0, 0, 0]    [8831]
900   [3, 4, 3, 3, 3, 3, 0, 4, 4]    [8849]
901   [2, 2, 1, 2, 2, 2, 1, 0, 0]    [8861]
902   [1, 0, 1, 0, 1, 0, 1, 0, 1]    [8867]
903   [0, 1, 1, 1, 0, 1, 0, 0, 1]    [8887, 16447]
904   [2, 1, 2, 2, 1, 0, 1, 0, 2]    [8893]
905   [4, 3, 3, 4, 5, 5, 4, 5, 5]    [8929]
906   [2, 2, 2, 0, 0, 2, 1, 2, 1]    [8933]
907   [2, 1, 0, 0, 1, 0, 0, 0, 2]    [8941]
908   [0, 0, 0, 0, 0, 1, 0, 0, 1]    [8951, 12239, 12911]
909   [1, 0, 1, 0, 1, 1, 0, 0, 1]    [8963, 11003]
910   [0, 3, 2, 0, 0, 1, 3, 2, 3]    [8969]
911   [1, 2, 1, 3, 2, 3, 0, 3, 0]    [9001]
912   [0, 1, 1, 0, 1, 1, 1, 1, 0]    [9007, 14983]
913   [2, 2, 1, 2, 1, 2, 1, 0, 1]    [9029]
914   [3, 4, 3, 3, 4, 4, 4, 3, 3]    [9041]
915   [1, 1, 1, 0, 1, 1, 0, 0, 1]    [9043]
916   [2, 2, 1, 3, 3, 2, 3, 2, 3]    [9049]
917   [0, 1, 1, 0, 0, 0, 0, 0, 1]    [9103, 11527, 15727]
918   [2, 1, 1, 0, 0, 0, 2, 2, 0]    [9109]
919   [2, 0, 2, 2, 1, 2, 1, 2, 0]    [9133]
920   [1, 4, 4, 3, 4, 4, 3, 3, 3]    [9137]
921   [2, 1, 2, 0, 1, 2, 2, 2, 1]    [9157]
922   [2, 3, 2, 3, 0, 2, 1, 3, 3]    [9161]
923   [2, 2, 2, 2, 2, 2, 2, 2, 2]    [9173]
924   [2, 1, 0, 1, 2, 1, 1, 1, 1]    [9181]
925   [0, 1, 0, 1, 1, 1, 0, 0, 0]    [9199, 11551, 12391]
926   [1, 0, 1, 0, 0, 0, 1, 1, 1]    [9203]
927   [1, 3, 0, 2, 3, 3, 3, 3, 2]    [9209]
928   [2, 2, 1, 1, 0, 1, 2, 0, 2]    [9221]
929   [0, 0, 0, 0, 0, 0, 0, 1, 1]    [9239, 10391, 10799, 14951]
930   [1, 0, 2, 2, 0, 3, 3, 2, 0]    [9241]
931   [2, 3, 3, 3, 3, 0, 1, 1, 3]    [9257]
932   [2, 0, 2, 1, 1, 2, 2, 0, 0]    [9277]
933   [3, 6, 5, 6, 6, 4, 5, 5, 3]    [9281]
934   [2, 2, 2, 1, 0, 2, 2, 2, 1]    [9293]
935   [1, 1, 3, 3, 2, 0, 0, 3, 3]    [9337]
936   [2, 2, 1, 2, 2, 2, 0, 2, 1]    [9341]
937   [2, 1, 1, 0, 2, 2, 1, 0, 2]    [9349]
938   [1, 0, 0, 0, 0, 1, 0, 1, 0]    [9371, 13499]
939   [3, 5, 5, 2, 2, 1, 5, 5, 4]    [9377]
940   [0, 1, 0, 1, 0, 1, 1, 1, 0]    [9391, 16759]
941   [2, 1, 2, 2, 1, 2, 1, 1, 1]    [9397]
942   [1, 1, 1, 1, 1, 0, 0, 1, 0]    [9403, 14323]
943   [2, 2, 2, 2, 2, 0, 2, 2, 0]    [9413]
944   [1, 0, 0, 1, 1, 1, 0, 0, 1]    [9419, 13619]
945   [2, 0, 1, 2, 0, 1, 2, 0, 2]    [9421]
946   [0, 0, 0, 1, 1, 1, 0, 1, 1]    [9431, 9839, 10151, 15359]
947   [2, 2, 3, 1, 3, 3, 2, 0, 2]    [9433]
948   [2, 2, 2, 1, 2, 1, 0, 2, 2]    [9437]
949   [2, 2, 1, 0, 0, 1, 0, 2, 0]    [9461]
950   [1, 0, 1, 0, 0, 0, 0, 1, 0]    [9467]
951   [6, 8, 8, 7, 8, 7, 7, 7, 8]    [9473]
952   [2, 3, 3, 3, 2, 3, 3, 0, 3]    [9497]
953   [2, 4, 2, 3, 4, 4, 3, 4, 4]    [9521]
954   [2, 2, 2, 2, 2, 0, 1, 2, 2]    [9533]
955   [0, 0, 0, 0, 1, 0, 1, 0, 1]    [9551]
956   [5, 0, 6, 6, 4, 7, 2, 6, 7]    [9601]
957   [2, 0, 2, 1, 2, 2, 1, 2, 2]    [9613]
958   [2, 2, 1, 1, 0, 0, 2, 2, 2]    [9629]
959   [1, 3, 1, 4, 4, 3, 4, 3, 3]    [9649]
960   [2, 0, 0, 1, 1, 2, 2, 0, 1]    [9661]
961   [2, 2, 2, 2, 2, 2, 1, 1, 2]    [9677]
962   [2, 3, 2, 0, 2, 2, 2, 3, 0]    [9689]
963   [3, 4, 5, 3, 5, 4, 5, 4, 5]    [9697]
964   [1, 2, 2, 3, 3, 1, 3, 3, 3]    [9721]
965   [2, 1, 2, 2, 0, 1, 1, 0, 0]    [9733]
966   [0, 2, 2, 2, 1, 3, 3, 3, 3]    [9769]
967   [2, 1, 0, 0, 2, 2, 2, 2, 0]    [9781]
968   [0, 0, 0, 0, 1, 1, 0, 1, 1]    [9791]
969   [1, 0, 1, 0, 0, 0, 1, 0, 0]    [9803, 17027]
970   [1, 1, 0, 1, 0, 0, 0, 1, 1]    [9811]
971   [2, 2, 3, 3, 2, 3, 2, 3, 3]    [9817]
972   [2, 0, 1, 1, 2, 1, 2, 0, 0]    [9829]
973   [2, 3, 3, 3, 3, 3, 3, 3, 1]    [9833]
974   [1, 0, 0, 1, 0, 0, 0, 1, 0]    [9851, 15131]
975   [6, 7, 7, 6, 5, 4, 7, 7, 3]    [9857]
976   [1, 1, 0, 0, 1, 1, 0, 1, 0]    [9859]
977   [1, 1, 1, 0, 1, 0, 1, 0, 1]    [9883]
978   [2, 0, 0, 2, 0, 2, 2, 2, 2]    [9901]
979   [1, 1, 1, 1, 0, 0, 0, 0, 0]    [9907, 17203]
980   [1, 0, 1, 1, 1, 0, 1, 1, 0]    [9923, 11027, 15467]
981   [2, 3, 2, 3, 3, 0, 0, 2, 2]    [9929]
982   [2, 2, 0, 1, 2, 1, 1, 1, 2]    [9941]
983   [2, 1, 0, 0, 0, 1, 1, 2, 1]    [9949]
984   [2, 0, 2, 2, 2, 2, 2, 0, 2]    [9973]
985   [2, 2, 1, 3, 3, 2, 2, 3, 2]    [10009]
986   [2, 2, 2, 2, 0, 1, 2, 1, 1]    [10037]
987   [2, 2, 1, 1, 2, 0, 2, 2, 2]    [10061]
988   [2, 0, 0, 2, 1, 2, 2, 2, 1]    [10069]
989   [2, 0, 2, 2, 2, 2, 2, 1, 2]    [10093]
990   [2, 2, 2, 1, 2, 2, 1, 0, 1]    [10133]
991   [2, 1, 1, 2, 2, 0, 0, 2, 2]    [10141]
992   [0, 1, 0, 1, 0, 1, 1, 0, 1]    [10159]
993   [1, 0, 1, 0, 0, 0, 1, 1, 0]    [10163]
994   [2, 3, 1, 3, 0, 2, 3, 2, 0]    [10169]
995   [2, 4, 6, 6, 6, 6, 6, 6, 6]    [10177]
996   [2, 2, 1, 2, 2, 2, 0, 0, 2]    [10181]
997   [3, 4, 4, 1, 4, 0, 4, 2, 3]    [10193]
998   [2, 2, 2, 2, 1, 0, 1, 2, 0]    [10253]
999   [4, 4, 5, 4, 5, 3, 5, 5, 5]    [10273]
1000   [3, 4, 1, 4, 3, 4, 1, 4, 3]    [10289]
1001   [2, 2, 0, 0, 1, 2, 1, 2, 2]    [10301]
1002   [0, 1, 1, 0, 0, 1, 0, 1, 0]    [10303, 12487]
1003   [2, 3, 3, 2, 3, 2, 3, 3, 0]    [10313]
1004   [3, 2, 3, 4, 3, 2, 3, 3, 4]    [10321]
1005   [2, 0, 2, 1, 0, 2, 2, 1, 1]    [10333]
1006   [2, 5, 5, 5, 5, 5, 4, 4, 5]    [10337]
1007   [2, 0, 2, 0, 2, 1, 1, 2, 2]    [10357]
1008   [4, 6, 5, 4, 7, 7, 3, 7, 7]    [10369]
1009   [0, 1, 0, 1, 1, 0, 1, 1, 1]    [10399, 13399]
1010   [1, 0, 1, 1, 0, 0, 1, 0, 1]    [10427]
1011   [2, 1, 1, 2, 1, 1, 0, 0, 2]    [10429]
1012   [3, 6, 6, 6, 3, 6, 6, 6, 6]    [10433]
1013   [2, 1, 2, 1, 0, 0, 0, 2, 2]    [10453]
1014   [1, 3, 3, 3, 3, 3, 0, 2, 3]    [10457]
1015   [2, 0, 2, 2, 0, 0, 2, 2, 1]    [10477, 13597]
1016   [2, 1, 0, 1, 2, 0, 2, 2, 1]    [10501]
1017   [2, 2, 4, 4, 4, 0, 4, 1, 3]    [10513]
1018   [4, 5, 3, 4, 5, 4, 5, 5, 3]    [10529]
1019   [0, 0, 0, 0, 0, 0, 0, 0, 1]    [10559, 15791]
1020   [0, 1, 1, 1, 0, 1, 1, 0, 0]    [10567, 13063, 13903]
1021   [2, 2, 1, 2, 2, 2, 0, 1, 0]    [10589]
1022   [2, 1, 2, 2, 1, 2, 2, 2, 2]    [10597]
1023   [2, 3, 0, 3, 3, 3, 3, 3, 3]    [10601]
1024   [0, 0, 1, 1, 1, 0, 0, 1, 1]    [10607]
1025   [2, 2, 2, 0, 1, 2, 2, 1, 2]    [10613]
1026   [1, 1, 1, 1, 1, 1, 0, 1, 1]    [10627]
1027   [0, 1, 0, 0, 0, 1, 1, 0, 1]    [10639]
1028   [1, 1, 0, 1, 1, 0, 0, 1, 1]    [10651]
1029   [0, 4, 5, 5, 3, 3, 3, 4, 1]    [10657]
1030   [0, 1, 1, 1, 1, 0, 0, 1, 0]    [10663]
1031   [1, 0, 1, 0, 0, 1, 0, 0, 1]    [10667, 14747]
1032   [2, 2, 0, 2, 2, 1, 1, 2, 2]    [10709]
1033   [2, 2, 0, 3, 2, 0, 2, 3, 3]    [10729]
1034   [1, 0, 0, 1, 1, 0, 1, 1, 0]    [10739]
1035   [8, 7, 9, 8, 9, 9, 8, 9, 8]    [10753]
1036   [2, 2, 0, 1, 0, 1, 2, 2, 2]    [10781]
1037   [2, 1, 1, 1, 1, 0, 2, 0, 0]    [10789]
1038   [0, 1, 0, 1, 0, 1, 0, 1, 0]    [10831, 13591]
1039   [2, 1, 2, 0, 2, 2, 1, 0, 0]    [10837]
1040   [2, 2, 2, 2, 2, 2, 2, 1, 2]    [10853, 14957]
1041   [1, 0, 0, 1, 0, 0, 0, 0, 1]    [10859]
1042   [2, 0, 1, 0, 1, 2, 1, 2, 2]    [10861]
1043   [1, 3, 0, 2, 3, 3, 2, 3, 3]    [10889]
1044   [1, 1, 0, 0, 1, 0, 1, 1, 1]    [10891]
1045   [2, 1, 0, 2, 2, 2, 2, 2, 2]    [10909]
1046   [0, 3, 3, 3, 2, 1, 3, 3, 2]    [10937]
1047   [1, 1, 0, 0, 1, 1, 0, 0, 0]    [10939, 15139]
1048   [2, 2, 1, 0, 1, 1, 0, 0, 0]    [10949]
1049   [2, 0, 2, 0, 0, 2, 0, 2, 0]    [10957]
1050   [2, 2, 2, 1, 2, 1, 1, 2, 1]    [10973]
1051   [2, 3, 4, 4, 1, 4, 4, 3, 4]    [10993]
1052   [2, 4, 4, 1, 4, 4, 4, 4, 4]    [11057]
1053   [2, 2, 1, 0, 1, 2, 0, 0, 0]    [11069]
1054   [2, 2, 2, 2, 1, 0, 1, 1, 2]    [11093]
1055   [0, 0, 3, 0, 2, 3, 3, 2, 2]    [11113]
1056   [2, 2, 2, 0, 2, 2, 1, 2, 0]    [11117]
1057   [0, 1, 0, 0, 1, 0, 0, 1, 0]    [11119, 14551]
1058   [2, 0, 0, 2, 2, 2, 2, 2, 2]    [11149]
1059   [0, 0, 0, 1, 1, 1, 1, 1, 1]    [11159, 17231]
1060   [1, 2, 0, 3, 3, 3, 2, 3, 0]    [11161]
1061   [2, 1, 2, 1, 2, 2, 1, 1, 1]    [11173]
1062   [0, 3, 3, 3, 2, 1, 1, 2, 3]    [11177]
1063   [2, 1, 2, 1, 2, 1, 2, 0, 2]    [11197]
1064   [1, 1, 0, 1, 1, 1, 1, 0, 1]    [11251, 14851]
1065   [0, 2, 3, 1, 1, 0, 3, 0, 3]    [11257]
1066   [2, 3, 3, 3, 2, 3, 2, 2, 0]    [11273]
1067   [1, 1, 0, 1, 0, 1, 1, 0, 1]    [11299]
1068   [0, 1, 0, 0, 1, 0, 1, 1, 1]    [11311, 14479, 15679]
1069   [2, 0, 2, 2, 0, 2, 2, 2, 0]    [11317]
1070   [1, 3, 2, 2, 3, 3, 0, 1, 3]    [11321]
1071   [3, 4, 5, 6, 6, 6, 6, 5, 4]    [11329]
1072   [2, 2, 3, 3, 0, 0, 3, 3, 3]    [11353]
1073   [2, 3, 1, 2, 3, 3, 2, 1, 3]    [11369]
1074   [6, 7, 7, 4, 7, 7, 7, 7, 0]    [11393]
1075   [0, 0, 1, 0, 1, 0, 0, 1, 0]    [11423, 14327]
1076   [2, 0, 2, 2, 2, 1, 0, 2, 0]    [11437]
1077   [4, 5, 4, 4, 4, 0, 5, 5, 0]    [11489]
1078   [2, 0, 3, 3, 3, 3, 3, 3, 3]    [11497]
1079   [2, 2, 0, 2, 2, 2, 2, 0, 1]    [11549]
1080   [2, 1, 3, 2, 3, 0, 0, 3, 0]    [11593]
1081   [2, 0, 5, 1, 3, 5, 5, 5, 4]    [11617]
1082   [2, 2, 1, 0, 0, 1, 2, 2, 1]    [11621]
1083   [1, 4, 4, 4, 4, 4, 4, 3, 3]    [11633]
1084   [0, 3, 3, 2, 3, 0, 3, 3, 3]    [11657]
1085   [2, 0, 2, 1, 2, 1, 0, 0, 1]    [11677]
1086   [4, 5, 3, 5, 5, 5, 4, 5, 5]    [11681]
1087   [2, 1, 2, 3, 3, 3, 3, 0, 3]    [11689]
1088   [2, 0, 1, 1, 2, 0, 2, 1, 2]    [11701]
1089   [7, 9, 9, 9, 9, 7, 8, 8, 7]    [11777]
1090   [2, 2, 0, 1, 2, 2, 0, 0, 0]    [11789, 16661]
1091   [0, 3, 1, 3, 2, 0, 3, 3, 1]    [11801]
1092   [2, 2, 2, 1, 2, 0, 0, 2, 2]    [11813]
1093   [2, 1, 0, 2, 2, 1, 2, 2, 2]    [11821]
1094   [1, 1, 1, 1, 0, 0, 1, 1, 0]    [11827, 15187]
1095   [0, 0, 0, 1, 0, 0, 0, 0, 1]    [11831]
1096   [2, 1, 3, 3, 3, 2, 2, 3, 3]    [11833]
1097   [2, 3, 3, 2, 3, 3, 3, 3, 1]    [11897, 16937]
1098   [0, 0, 1, 0, 1, 1, 1, 1, 1]    [11903, 13487]
1099   [2, 2, 0, 0, 2, 0, 1, 2, 1]    [11909]
1100   [2, 2, 2, 2, 1, 1, 0, 1, 2]    [11933]
1101   [2, 1, 1, 2, 2, 2, 2, 0, 0]    [11941]
1102   [3, 2, 4, 3, 4, 4, 2, 4, 3]    [11953]
1103   [4, 6, 5, 6, 3, 5, 2, 6, 5]    [11969]
1104   [1, 1, 0, 1, 1, 1, 1, 1, 0]    [11971, 17011]
1105   [2, 2, 0, 0, 2, 2, 0, 1, 2]    [11981]
1106   [1, 0, 0, 0, 0, 0, 0, 0, 0]    [12011]
1107   [2, 0, 2, 0, 0, 1, 1, 2, 1]    [12037]
1108   [0, 3, 2, 1, 3, 0, 3, 3, 2]    [12041]
1109   [0, 3, 3, 1, 3, 4, 3, 4, 4]    [12049]
1110   [0, 0, 3, 3, 3, 1, 3, 3, 3]    [12073]
1111   [5, 3, 6, 4, 6, 6, 6, 6, 6]    [12097]
1112   [2, 2, 0, 2, 1, 2, 2, 0, 0]    [12101]
1113   [2, 0, 0, 2, 1, 2, 2, 1, 2]    [12109]
1114   [3, 4, 4, 4, 4, 2, 3, 4, 4]    [12113]
1115   [0, 0, 0, 1, 0, 0, 0, 1, 0]    [12119]
1116   [2, 2, 0, 1, 1, 2, 2, 2, 2]    [12149]
1117   [2, 0, 2, 2, 2, 2, 0, 0, 1]    [12157]
1118   [5, 7, 6, 4, 7, 7, 7, 6, 7]    [12161]
1119   [1, 1, 1, 1, 0, 1, 0, 0, 0]    [12163]
1120   [2, 2, 2, 2, 0, 1, 1, 2, 2]    [12197]
1121   [1, 0, 1, 1, 1, 0, 1, 1, 1]    [12203]
1122   [1, 0, 1, 0, 0, 1, 0, 0, 0]    [12227, 15683, 17387]
1123   [1, 2, 3, 4, 3, 4, 3, 3, 4]    [12241]
1124   [2, 1, 2, 2, 2, 2, 0, 0, 2]    [12253]
1125   [2, 2, 0, 2, 1, 1, 2, 2, 2]    [12269]
1126   [2, 1, 2, 2, 1, 2, 2, 2, 0]    [12277, 13093]
1127   [2, 3, 0, 3, 2, 0, 3, 2, 3]    [12281]
1128   [11, 9, 11, 11, 12, 8, 11, 12, 12]    [12289]
1129   [2, 0, 0, 0, 0, 1, 2, 2, 2]    [12301]
1130   [1, 0, 1, 0, 1, 0, 0, 1, 1]    [12323, 14843, 16883]
1131   [1, 3, 0, 1, 2, 3, 2, 2, 1]    [12329]
1132   [0, 1, 1, 1, 1, 1, 0, 0, 0]    [12343]
1133   [2, 1, 2, 1, 1, 1, 2, 0, 2]    [12373]
1134   [1, 3, 3, 0, 3, 2, 2, 3, 2]    [12377]
1135   [3, 4, 1, 2, 3, 3, 2, 4, 3]    [12401]
1136   [0, 0, 2, 3, 2, 3, 1, 3, 0]    [12409]
1137   [2, 2, 2, 1, 1, 2, 2, 0, 0]    [12413]
1138   [2, 0, 0, 2, 2, 2, 2, 2, 0]    [12421]
1139   [3, 3, 4, 0, 2, 4, 4, 3, 2]    [12433]
1140   [2, 2, 2, 2, 2, 1, 2, 1, 2]    [12437]
1141   [0, 0, 3, 2, 2, 2, 1, 3, 3]    [12457]
1142   [1, 3, 3, 3, 3, 3, 3, 2, 3]    [12473]
1143   [2, 4, 4, 3, 3, 2, 3, 4, 0]    [12497]
1144   [2, 0, 2, 1, 2, 2, 2, 2, 2]    [12517]
1145   [1, 0, 0, 1, 0, 1, 1, 0, 1]    [12539, 16139]
1146   [2, 0, 0, 1, 1, 0, 2, 1, 0]    [12541]
1147   [1, 2, 3, 1, 3, 3, 3, 3, 2]    [12553]
1148   [1, 3, 2, 0, 3, 3, 3, 3, 3]    [12569]
1149   [2, 4, 5, 5, 3, 5, 5, 5, 5]    [12577]
1150   [2, 1, 0, 2, 0, 2, 1, 0, 0]    [12589]
1151   [2, 2, 0, 2, 3, 1, 1, 2, 3]    [12601]
1152   [2, 1, 2, 2, 2, 1, 0, 1, 1]    [12613]
1153   [2, 1, 2, 1, 1, 1, 2, 2, 2]    [12637]
1154   [0, 5, 3, 5, 5, 5, 5, 3, 5]    [12641]
1155   [2, 2, 2, 1, 0, 0, 2, 2, 1]    [12653]
1156   [1, 0, 0, 0, 1, 0, 1, 1, 1]    [12659, 16691]
1157   [3, 4, 3, 4, 4, 3, 4, 2, 2]    [12689]
1158   [1, 1, 3, 3, 2, 2, 2, 2, 2]    [12697]
1159   [0, 1, 1, 0, 1, 1, 0, 1, 0]    [12703]
1160   [1, 3, 3, 1, 3, 2, 3, 3, 3]    [12713]
1161   [3, 3, 2, 3, 3, 4, 4, 4, 3]    [12721]
1162   [1, 1, 0, 0, 1, 0, 1, 1, 0]    [12739, 15739]
1163   [2, 0, 2, 2, 2, 1, 2, 2, 2]    [12757]
1164   [1, 1, 1, 1, 1, 0, 0, 0, 0]    [12763, 14947]
1165   [2, 1, 0, 2, 2, 2, 2, 2, 0]    [12781, 14341]
1166   [0, 0, 0, 1, 1, 0, 1, 1, 1]    [12791]
1167   [2, 3, 1, 3, 0, 1, 0, 3, 3]    [12809]
1168   [2, 2, 0, 1, 2, 0, 2, 2, 2]    [12821]
1169   [2, 0, 0, 2, 1, 2, 2, 0, 1]    [12829]
1170   [0, 2, 2, 3, 0, 1, 3, 2, 3]    [12841]
1171   [2, 0, 2, 1, 1, 0, 1, 0, 2]    [12853]
1172   [2, 0, 2, 0, 3, 3, 3, 1, 2]    [12889]
1173   [2, 2, 2, 2, 0, 0, 2, 1, 0]    [12893]
1174   [1, 1, 1, 0, 1, 1, 0, 1, 1]    [12907]
1175   [2, 2, 2, 0, 1, 2, 2, 0, 2]    [12917]
1176   [2, 2, 0, 2, 1, 2, 1, 2, 2]    [12941]
1177   [2, 3, 3, 3, 3, 3, 2, 3, 1]    [12953]
1178   [2, 1, 2, 0, 0, 0, 1, 2, 0]    [12973]
1179   [2, 3, 2, 2, 3, 1, 1, 0, 2]    [13001]
1180   [0, 0, 1, 1, 1, 1, 0, 1, 1]    [13007]
1181   [3, 2, 1, 4, 4, 3, 3, 4, 4]    [13009]
1182   [2, 1, 3, 3, 1, 3, 3, 3, 3]    [13033]
1183   [0, 3, 1, 2, 1, 1, 3, 3, 2]    [13049]
1184   [2, 2, 0, 2, 2, 2, 0, 2, 2]    [13109]
1185   [3, 6, 5, 6, 3, 5, 6, 5, 6]    [13121]
1186   [0, 0, 1, 1, 1, 0, 1, 1, 0]    [13127]
1187   [1, 1, 1, 1, 0, 0, 1, 0, 0]    [13147]
1188   [0, 1, 0, 0, 1, 0, 0, 1, 1]    [13159, 16831]
1189   [2, 0, 3, 3, 3, 3, 2, 3, 3]    [13177]
1190   [0, 1, 1, 1, 1, 0, 0, 1, 1]    [13183]
1191   [3, 5, 5, 3, 5, 3, 3, 5, 5]    [13217]
1192   [2, 2, 1, 2, 2, 2, 2, 1, 1]    [13229]
1193   [2, 3, 2, 2, 3, 3, 1, 2, 0]    [13241]
1194   [5, 5, 4, 6, 4, 6, 6, 5, 2]    [13249]
1195   [1, 1, 0, 0, 1, 1, 1, 0, 0]    [13291]
1196   [3, 1, 4, 2, 3, 4, 4, 3, 2]    [13297]
1197   [2, 1, 1, 0, 2, 0, 0, 0, 2]    [13309, 15661]
1198   [9, 10, 10, 10, 9, 8, 5, 10, 10]    [13313]
1199   [0, 3, 3, 1, 0, 2, 2, 3, 3]    [13337]
1200   [2, 1, 1, 0, 1, 1, 1, 0, 0]    [13381]
1201   [2, 2, 2, 2, 2, 2, 1, 2, 2]    [13397]
1202   [1, 1, 0, 0, 0, 1, 0, 1, 1]    [13411]
1203   [0, 2, 3, 3, 3, 1, 0, 3, 0]    [13417]
1204   [2, 2, 1, 1, 1, 2, 1, 1, 1]    [13421]
1205   [4, 4, 6, 6, 7, 6, 7, 7, 6]    [13441]
1206   [3, 4, 4, 4, 1, 4, 4, 1, 3]    [13457]
1207   [0, 0, 1, 1, 0, 1, 0, 1, 1]    [13463]
1208   [2, 2, 0, 0, 1, 1, 2, 0, 2]    [13469]
1209   [2, 0, 2, 0, 2, 1, 0, 1, 2]    [13477]
1210   [2, 1, 3, 3, 2, 3, 2, 1, 0]    [13513]
1211   [4, 4, 5, 5, 5, 4, 5, 4, 4]    [13537]
1212   [3, 4, 4, 2, 3, 4, 2, 3, 3]    [13553]
1213   [2, 3, 3, 2, 2, 3, 3, 0, 3]    [13577]
1214   [2, 2, 2, 2, 2, 2, 1, 0, 2]    [13613]
1215   [1, 1, 1, 0, 1, 0, 1, 1, 0]    [13627, 14083]
1216   [3, 5, 6, 4, 5, 5, 5, 6, 6]    [13633]
1217   [3, 4, 3, 4, 1, 1, 2, 3, 4]    [13649]
1218   [3, 3, 3, 4, 4, 4, 3, 3, 4]    [13681]
1219   [2, 0, 2, 0, 1, 1, 0, 2, 0]    [13693]
1220   [6, 7, 7, 7, 7, 7, 7, 1, 4]    [13697]
1221   [2, 2, 1, 2, 1, 2, 2, 2, 1]    [13709]
1222   [2, 3, 0, 2, 2, 3, 2, 3, 2]    [13721]
1223   [1, 1, 1, 0, 0, 1, 0, 1, 0]    [13723]
1224   [4, 4, 4, 3, 2, 2, 5, 4, 5]    [13729]
1225   [0, 0, 0, 0, 1, 0, 0, 0, 0]    [13751]
1226   [2, 2, 2, 1, 2, 1, 0, 0, 0]    [13757]
1227   [2, 2, 0, 2, 1, 1, 2, 1, 0]    [13781]
1228   [2, 0, 0, 2, 2, 1, 1, 2, 0]    [13789]
1229   [2, 2, 1, 1, 2, 1, 1, 1, 1]    [13829]
1230   [0, 1, 0, 0, 1, 0, 1, 0, 1]    [13831]
1231   [2, 4, 3, 3, 3, 2, 4, 1, 3]    [13841]
1232   [3, 2, 4, 4, 4, 4, 3, 4, 0]    [13873]
1233   [2, 2, 2, 2, 2, 2, 2, 0, 0]    [13877]
1234   [2, 2, 1, 2, 2, 0, 2, 2, 1]    [13901]
1235   [1, 3, 3, 1, 0, 0, 3, 0, 3]    [13913]
1236   [3, 4, 2, 5, 5, 5, 4, 5, 0]    [13921]
1237   [2, 0, 2, 2, 2, 0, 2, 1, 0]    [13933]
1238   [0, 0, 1, 1, 0, 1, 1, 0, 1]    [13967, 14207]
1239   [2, 2, 2, 0, 0, 0, 2, 2, 1]    [13997]
1240   [2, 3, 2, 0, 3, 3, 2, 2, 0]    [14009]
1241   [2, 1, 0, 1, 0, 2, 1, 1, 2]    [14029]
1242   [3, 4, 4, 4, 4, 4, 2, 3, 3]    [14033]
1243   [1, 0, 0, 1, 1, 1, 0, 0, 0]    [14051, 16811]
1244   [2, 3, 3, 1, 3, 2, 2, 1, 1]    [14057]
1245   [7, 8, 7, 7, 7, 8, 8, 8, 8]    [14081]
1246   [0, 0, 1, 0, 0, 1, 1, 0, 0]    [14087]
1247   [2, 0, 1, 0, 0, 2, 2, 2, 0]    [14149]
1248   [2, 3, 3, 3, 3, 0, 2, 0, 2]    [14153]
1249   [2, 0, 2, 2, 1, 1, 2, 2, 2]    [14173]
1250   [4, 5, 5, 1, 4, 5, 3, 5, 4]    [14177]
1251   [2, 1, 2, 1, 2, 1, 0, 1, 1]    [14197]
1252   [2, 1, 1, 1, 0, 0, 1, 1, 2]    [14221]
1253   [1, 3, 2, 2, 2, 2, 3, 3, 1]    [14249]
1254   [1, 1, 0, 0, 0, 0, 1, 1, 0]    [14251]
1255   [2, 1, 2, 1, 0, 3, 1, 3, 3]    [14281]
1256   [2, 0, 2, 2, 1, 2, 1, 0, 2]    [14293]
1257   [0, 0, 1, 1, 1, 0, 1, 0, 0]    [14303, 16487, 16823]
1258   [1, 4, 2, 4, 4, 4, 4, 4, 4]    [14321]
1259   [3, 5, 3, 5, 3, 4, 0, 1, 5]    [14369]
1260   [2, 0, 1, 1, 1, 2, 2, 1, 2]    [14389]
1261   [4, 4, 2, 5, 6, 5, 4, 6, 5]    [14401]
1262   [2, 0, 2, 2, 0, 2, 1, 0, 1]    [14437]
1263   [0, 0, 1, 0, 1, 0, 1, 1, 1]    [14447]
1264   [2, 2, 1, 2, 4, 4, 3, 3, 4]    [14449]
1265   [2, 0, 1, 2, 2, 2, 2, 2, 2]    [14461]
1266   [2, 3, 1, 3, 3, 3, 3, 2, 3]    [14489]
1267   [2, 1, 2, 1, 2, 0, 1, 0, 2]    [14533]
1268   [0, 3, 3, 3, 3, 1, 2, 3, 1]    [14537]
1269   [2, 2, 1, 2, 2, 2, 2, 2, 1]    [14549]
1270   [2, 1, 2, 0, 1, 0, 2, 2, 2]    [14557, 15493]
1271   [4, 5, 3, 3, 5, 4, 3, 4, 4]    [14561]
1272   [6, 6, 8, 8, 8, 8, 8, 6, 8]    [14593]
1273   [2, 2, 1, 2, 2, 1, 0, 2, 0]    [14621]
1274   [2, 1, 1, 2, 2, 1, 0, 2, 0]    [14629]
1275   [0, 3, 3, 3, 0, 3, 2, 3, 3]    [14633]
1276   [2, 0, 2, 0, 1, 2, 1, 0, 0]    [14653]
1277   [5, 6, 6, 6, 5, 6, 6, 6, 4]    [14657]
1278   [2, 2, 1, 0, 2, 2, 0, 1, 1]    [14669]
1279   [1, 0, 0, 0, 1, 0, 1, 0, 1]    [14699]
1280   [1, 2, 3, 3, 3, 2, 1, 1, 0]    [14713]
1281   [2, 2, 2, 2, 2, 0, 2, 0, 2]    [14717]
1282   [2, 0, 4, 2, 4, 4, 2, 4, 4]    [14737]
1283   [2, 2, 0, 2, 0, 0, 1, 0, 2]    [14741]
1284   [2, 5, 5, 3, 5, 5, 5, 4, 5]    [14753]
1285   [0, 0, 0, 0, 0, 0, 1, 0, 1]    [14759]
1286   [2, 1, 2, 2, 2, 1, 2, 2, 0]    [14797]
1287   [2, 2, 2, 0, 2, 2, 2, 2, 1]    [14813]
1288   [2, 0, 0, 0, 1, 0, 2, 0, 0]    [14821]
1289   [2, 0, 1, 1, 2, 1, 2, 0, 2]    [14869]
1290   [0, 0, 0, 1, 0, 1, 0, 0, 0]    [14879]
1291   [0, 1, 1, 0, 1, 1, 1, 0, 1]    [14887]
1292   [0, 4, 4, 3, 3, 2, 4, 2, 3]    [14897]
1293   [2, 1, 2, 4, 4, 4, 4, 4, 2]    [14929]
1294   [0, 3, 2, 3, 0, 3, 1, 1, 3]    [14969]
1295   [2, 0, 2, 2, 0, 2, 0, 2, 2]    [15013]
1296   [0, 3, 3, 0, 3, 3, 3, 2, 3]    [15017]
1297   [2, 2, 2, 2, 1, 1, 1, 1, 2]    [15053]
1298   [2, 1, 0, 1, 2, 2, 0, 2, 2]    [15061]
1299   [1, 1, 5, 4, 2, 5, 5, 4, 4]    [15073]
1300   [2, 2, 2, 2, 2, 1, 1, 2, 0]    [15077]
1301   [1, 1, 0, 0, 0, 1, 1, 1, 1]    [15091]
1302   [2, 2, 0, 1, 0, 2, 2, 2, 0]    [15101]
1303   [1, 3, 3, 0, 4, 4, 3, 0, 4]    [15121]
1304   [4, 5, 5, 5, 4, 5, 5, 5, 4]    [15137]
1305   [2, 2, 1, 1, 2, 1, 0, 1, 2]    [15149]
1306   [2, 3, 2, 3, 1, 1, 3, 3, 1]    [15161]
1307   [2, 2, 2, 0, 0, 2, 0, 0, 0]    [15173]
1308   [0, 2, 3, 3, 3, 2, 3, 3, 2]    [15193]
1309   [2, 2, 4, 4, 3, 4, 3, 1, 4]    [15217]
1310   [6, 7, 7, 6, 5, 6, 5, 7, 7]    [15233]
1311   [0, 0, 1, 2, 3, 3, 2, 3, 3]    [15241]
1312   [2, 2, 0, 0, 0, 2, 2, 2, 2]    [15269]
1313   [2, 0, 2, 2, 0, 2, 2, 0, 2]    [15277]
1314   [0, 0, 1, 0, 0, 0, 0, 1, 0]    [15287]
1315   [0, 2, 1, 2, 3, 2, 3, 3, 3]    [15289]
1316   [2, 3, 4, 3, 2, 1, 3, 4, 2]    [15313]
1317   [4, 5, 3, 5, 5, 5, 5, 5, 5]    [15329]
1318   [2, 0, 0, 2, 1, 0, 1, 0, 1]    [15349]
1319   [8, 7, 6, 10, 8, 10, 10, 9, 10]    [15361]
1320   [3, 4, 4, 4, 4, 4, 3, 3, 3]    [15377]
1321   [2, 3, 2, 2, 0, 1, 1, 0, 3]    [15401]
1322   [2, 2, 2, 2, 2, 2, 2, 1, 1]    [15413]
1323   [2, 2, 1, 2, 2, 1, 1, 2, 2]    [15461]
1324   [3, 4, 4, 4, 4, 1, 4, 2, 4]    [15473]
1325   [2, 3, 3, 3, 2, 2, 3, 3, 2]    [15497]
1326   [2, 1, 0, 0, 0, 2, 2, 2, 0]    [15541]
1327   [1, 4, 3, 2, 3, 4, 4, 4, 4]    [15569]
1328   [2, 2, 0, 2, 1, 2, 0, 1, 2]    [15581]
1329   [0, 1, 1, 1, 0, 0, 1, 0, 1]    [15583]
1330   [3, 3, 3, 4, 3, 3, 4, 4, 4]    [15601]
1331   [2, 2, 1, 2, 1, 1, 2, 1, 0]    [15629]
1332   [2, 3, 2, 3, 3, 3, 2, 2, 2]    [15641]
1333   [4, 4, 4, 0, 5, 4, 0, 5, 2]    [15649]
1334   [2, 1, 2, 0, 0, 1, 0, 0, 0]    [15733]
1335   [2, 3, 3, 2, 3, 3, 3, 2, 3]    [15737]
1336   [2, 2, 1, 2, 2, 2, 2, 0, 2]    [15749]
1337   [2, 4, 2, 1, 3, 4, 2, 4, 1]    [15761]
1338   [2, 2, 2, 0, 2, 1, 2, 2, 0]    [15773]
1339   [2, 2, 2, 2, 0, 2, 0, 2, 2]    [15797]
1340   [0, 6, 4, 6, 6, 4, 4, 4, 3]    [15809]
1341   [2, 2, 3, 1, 3, 1, 3, 0, 1]    [15817]
1342   [2, 1, 2, 1, 1, 0, 1, 2, 2]    [15877]
1343   [1, 3, 2, 3, 3, 3, 3, 0, 3]    [15881]
1344   [3, 2, 3, 4, 3, 3, 4, 3, 4]    [15889]
1345   [2, 1, 1, 1, 2, 2, 2, 0, 1]    [15901]
1346   [2, 2, 3, 0, 3, 0, 2, 3, 3]    [15913]
1347   [1, 0, 1, 0, 0, 1, 1, 1, 0]    [15923]
1348   [5, 2, 6, 6, 5, 2, 4, 6, 6]    [15937]
1349   [2, 0, 2, 2, 0, 1, 2, 2, 2]    [15973]
1350   [6, 7, 6, 7, 7, 7, 6, 7, 4]    [16001]
1351   [4, 4, 5, 5, 5, 4, 4, 2, 2]    [16033]
1352   [2, 2, 3, 3, 3, 3, 1, 3, 2]    [16057]
1353   [2, 0, 0, 1, 1, 1, 1, 2, 2]    [16069]
1354   [2, 3, 3, 2, 3, 3, 1, 3, 3]    [16073]
1355   [4, 5, 5, 1, 3, 2, 2, 3, 5]    [16097]
1356   [2, 1, 1, 2, 0, 2, 1, 2, 1]    [16141]
1357   [2, 0, 0, 2, 2, 1, 2, 0, 2]    [16189]
1358   [4, 6, 6, 5, 4, 6, 4, 3, 4]    [16193]
1359   [2, 3, 3, 3, 2, 3, 0, 3, 1]    [16217]
1360   [0, 1, 1, 2, 3, 0, 3, 0, 3]    [16249]
1361   [1, 1, 1, 0, 1, 0, 0, 0, 1]    [16267, 16747]
1362   [3, 1, 4, 4, 3, 2, 3, 2, 3]    [16273]
1363   [2, 2, 1, 2, 2, 0, 1, 2, 2]    [16301]
1364   [2, 1, 2, 1, 0, 2, 0, 2, 1]    [16333]
1365   [2, 2, 0, 1, 1, 2, 2, 0, 2]    [16349]
1366   [0, 3, 2, 1, 2, 3, 3, 3, 0]    [16361]
1367   [3, 2, 0, 4, 3, 4, 3, 4, 2]    [16369]
1368   [2, 1, 0, 1, 2, 1, 2, 2, 2]    [16381]
1369   [2, 4, 5, 4, 4, 5, 5, 4, 3]    [16417]
1370   [2, 2, 1, 2, 1, 2, 1, 0, 2]    [16421]
1371   [1, 0, 1, 0, 1, 1, 1, 1, 0]    [16427, 16547]
1372   [1, 4, 4, 2, 4, 0, 4, 2, 4]    [16433]
1373   [2, 1, 2, 2, 2, 2, 2, 2, 1]    [16453]
1374   [2, 1, 2, 2, 2, 2, 1, 1, 1]    [16477]
1375   [4, 5, 4, 5, 4, 3, 4, 5, 4]    [16481]
1376   [2, 2, 2, 1, 0, 0, 2, 1, 1]    [16493]
1377   [0, 1, 0, 0, 0, 0, 1, 0, 0]    [16519]
1378   [3, 4, 0, 3, 4, 4, 4, 4, 4]    [16529]
1379   [1, 3, 3, 3, 2, 2, 3, 2, 2]    [16553]
1380   [3, 3, 0, 4, 4, 3, 4, 4, 2]    [16561]
1381   [2, 0, 2, 0, 2, 2, 0, 1, 0]    [16573]
1382   [0, 0, 1, 0, 0, 1, 0, 1, 1]    [16607]
1383   [1, 0, 0, 1, 1, 1, 1, 0, 1]    [16619]
1384   [0, 0, 3, 2, 2, 3, 3, 3, 2]    [16633]
1385   [1, 3, 2, 3, 3, 1, 3, 2, 3]    [16649]
1386   [3, 3, 4, 3, 0, 2, 4, 4, 4]    [16657]
1387   [2, 5, 5, 5, 5, 5, 0, 5, 5]    [16673]
1388   [2, 1, 2, 2, 2, 0, 1, 1, 0]    [16693]
1389   [0, 2, 0, 3, 2, 3, 2, 2, 2]    [16729]
1390   [2, 0, 0, 0, 2, 1, 0, 2, 2]    [16741]
1391   [2, 2, 1, 1, 2, 2, 0, 2, 0]    [16829]
1392   [2, 3, 0, 3, 2, 3, 1, 0, 3]    [16889]
1393   [2, 2, 0, 2, 0, 0, 2, 2, 2]    [16901]
1394   [2, 1, 2, 2, 2, 3, 3, 1, 2]    [16921]
1395   [2, 0, 0, 2, 2, 0, 1, 2, 2]    [16981]
1396   [4, 3, 5, 4, 0, 5, 5, 3, 5]    [16993]
1397   [2, 2, 0, 0, 0, 0, 0, 1, 1]    [17021]
1398   [2, 1, 0, 2, 1, 1, 2, 1, 0]    [17029]
1399   [1, 3, 3, 1, 2, 1, 2, 2, 1]    [17033]
1400   [3, 3, 0, 4, 4, 4, 4, 0, 4]    [17041]
1401   [2, 0, 2, 0, 0, 1, 1, 2, 2]    [17053]
1402   [2, 1, 2, 1, 1, 2, 0, 2, 2]    [17077]
1403   [2, 2, 2, 2, 2, 2, 1, 2, 1]    [17093]
1404   [2, 2, 2, 1, 0, 1, 1, 1, 2]    [17117]
1405   [1, 0, 4, 3, 4, 2, 3, 4, 3]    [17137]
1406   [0, 1, 1, 0, 0, 1, 1, 0, 1]    [17167]
1407   [2, 2, 0, 0, 2, 0, 0, 2, 0]    [17189]
1408   [0, 0, 1, 3, 1, 2, 3, 3, 3]    [17209]
1409   [2, 0, 3, 0, 2, 3, 0, 1, 3]    [17257]
1410   [2, 1, 2, 2, 1, 1, 0, 2, 2]    [17293]
1411   [2, 0, 2, 2, 1, 0, 2, 2, 2]    [17317]
1412   [1, 3, 2, 3, 3, 3, 0, 3, 1]    [17321]
1413   [0, 0, 1, 1, 0, 1, 0, 0, 1]    [17327]
1414   [2, 2, 2, 0, 2, 0, 2, 0, 2]    [17333]
1415   [2, 0, 0, 1, 0, 0, 1, 2, 2]    [17341]
1416   [3, 4, 5, 5, 5, 3, 5, 0, 4]    [17377]
1417   [2, 1, 1, 1, 1, 2, 1, 0, 0]    [17389]
