71 191 239 241 311 359 409 431 
479 599 601 719 769 839 911 1009 
1031 1129 1151 1201 1249 1319 1321 1439 
1489 1511 1559 1609 1801 1871 2039 2089 
2111 2161 2281 2351 2399 2521 2591 2689 
2711 2879 2999 3001 3049 3119 3121 3169 
3191 3359 3361 3529 3671 3719 3769 3889 
3911 4079 4129 4201 4271 4391 4441 4561 
4679 4729 4751 4799 4801 4871 4919 4969 
5039 5209 5231 5279 5281 5351 5399 5449 
5471 5519 5521 5569 5591 5639 5641 5689 
5711 5879 5881 6121 6311 6359 6361 6481 
6529 6551 6599 6719 6791 6841 6911 6959 
6961 7079 7129 7151 7321 7369 7489 7559 
7561 7681 7919 8039 8089 8111 8161 8209 
8231 8329 8521 8641 8689 8761 8831 8929 
8951 8999 9001 9049 9239 9241 9311 9431 
9479 9551 9601 9649 9719 9721 9769 9791 
9839 10009 10079 10151 10271 10321 10369 10391 
10559 10631 10729 10799 11159 11161 11279 11329 
11351 11399 11471 11519 11689 11831 12049 12071 
12119 12239 12241 12289 12409 12479 12601 12671 
12721 12791 12841 12889 12911 12959 13009 13151 
13249 13441 13679 13681 13729 13751 13799 13921 
14159 14281 14519 14591 14639 14759 14831 14879 
14951 15121 15289 15359 15551 15601 15649 15671 
15791 15889 15959 16319 16369 16561 16631 16729 
16871 16921 17041 17159 17231 17351 17401 17449 
17471 17519 17569 17761 17929 18049 18119 18169 
18191 18289 18311 18481 18671 18719 18839 18911 
18959 19009 19031 19079 19081 19249 19319 19391 
19489 19559 19609 19681 19751 19801 19919 19991 
20089 20161 20231 20399 20521 20639 20759 20809 
20879 20929 21001 21121 21169 21191 21481 21529 
21599 21601 21649 21839 21841 21911 21961 22031 
22079 22129 22271 22369 22391 22441 22511 22679 
22751 22871 22921 23039 23041 23159 23209 23279 
23399 23689 23761 23831 23879 23929 24001 24049 
24071 24121 24169 24239 24359 24481 24551 24671 
24841 24889 25031 25321 25391 25439 25561 25609 
25679 25799 25801 25919 25969 26041 26111 26161 
26209 26399 26449 26591 26641 26711 26759 26879 
26881 26951 27191 27239 27241 27361 27409 27431 
27479 27481 27529 27551 27791 27961 28031 28081 
28151 28201 28319 28439 28559 28631 28729 28751 
28871 28921 29209 29231 29399 29401 29569 29641 
29759 29761 29879 29881 30071 30119 30169 30241 
30431 30649 30671 30839 30841 30911 31079 31081 
31151 31249 31271 31319 31321 31391 31489 31511 
31729 31751 31799 31849 31991 32159 32401 32569 
32831 32999 33049 33071 33119 33191 33289 33311 
33359 33409 33479 33529 33599 33601 33769 33791 
33889 33911 33961 34031 34129 34319 34369 34439 
34511 34631 34679 34729 34871 34919 35089 35111 
35159 35279 35281 35401 35449 35521 35569 35591 
35759 35809 35831 35879 35951 35999 36191 36241 
36479 36529 36551 36599 36671 36721 36791 37199 
37321 37369 37441 37489 37511 37561 37799 37871 
37991 38039 38231 38281 38329 38351 38449 38569 
38639 38711 39119 39191 39239 39241 39359 39409 
39551 39671 39719 39769 39791 39839 39841 40009 
40031 40129 40151 40559 40609 40751 40801 40849 
41039 41161 41231 41281 41351 41399 41519 41521 
41641 41759 41761 41809 41879 41999 42071 42169 
42239 42359 42409 42649 42719 42839 42841 43151 
43201 43271 43319 43321 43391 43441 43609 43801 
43969 43991 44041 44089 44111 44159 44279 44281 
44351 44449 44519 44641 44711 44809 44879 45119 
45121 45191 45289 45361 45481 45599 45841 45959 
46199 46271 46439 46489 46511 46559 46679 46681 
46751 46919 47041 47111 47279 47351 47521 47569 
47591 47639 47711 47809 47881 47951 48049 48119 
48121 48239 48311 48409 48479 48481 48649 48889 
49009 49031 49081 49199 49201 49391 49559 49681 
49801 49871 49919 49921 49991 50111 50159 50231 
50329 50591 50929 50951 51001 51071 51169 51239 
51241 51361 51431 51479 51481 51551 51599 51719 
51721 51769 51839 52009 52081 52201 52249 52321 
52369 52391 52489 52511 52561 52609 52631 52919 
53089 53161 53231 53279 53281 53401 53569 53591 
53639 53759 53831 53881 53951 54049 54121 54311 
54361 54409 54601 54721 54959 55009 55079 55201 
55249 55439 55441 55511 55631 55681 55799 55849 
55871 55921 56039 56041 56209 56401 56519 56569 
56591 56711 56809 56929 56951 56999 57119 57191 
57241 57529 57719 57791 57839 58031 58151 58199 
58271 58321 58369 58391 58439 58511 58631 58679 
58991 59159 59209 59351 59399 59471 59879 59929 
59951 59999 60169 60289 60601 60649 60719 60889 
60961 61031 61129 61151 61441 61511 61559 61561 
61609 61631 61681 61729 61751 61871 61991 62039 
62351 62401 62591 62639 62761 63311 63361 63409 
63599 63601 63649 63671 63719 63839 64081 64151 
64271 64319 64439 64609 64679 64849 64871 64919 
64921 64969 65089 65111 65449 65519 65761 65809 
65831 65951 66071 66169 66191 66239 66359 66361 
66431 66529 66601 66721 66791 66889 66959 67079 
67129 67271 67369 67391 67489 67511 67559 67631 
67679 67751 68041 68111 68161 68279 68281 68329 
68351 68399 68449 68521 68639 68711 68879 68881 
69001 69119 69191 69239 69431 69911 69959 70009 
70079 70199 70201 70249 70271 70321 70439 70489 
70729 70849 70919 70921 70969 70991 71039 71089 
71161 71209 71329 71399 71471 71569 71711 71809 
71879 71881 71999 72169 72431 72551 72649 72671 
72719 72889 72911 72959 73009 73079 73369 73561 
73609 73679 73681 73751 73849 74159 74161 74209 
74231 74279 74449 74471 74521 74759 74831 74929 
75169 75239 75431 75479 75721 76031 76079 76081 
76129 76249 76441 76511 76561 76631 76679 76801 
76871 76919 76991 77041 77279 77351 77471 77521 
77569 77591 77641 77689 77711 77761 77929 77951 
77999 78121 78191 78241 78311 78479 78649 78721 
78791 78839 78889 79031 79151 79201 79319 79559 
79561 79609 79631 80039 80111 80209 80231 80279 
80329 80471 80761 80809 80831 80929 81001 81049 
81071 81119 81239 81359 81409 81551 81649 81671 
81769 81839 82009 82031 82129 82559 82561 82609 
82729 82799 83089 83231 83399 83401 83449 83471 
83591 83639 83641 83689 83761 84121 84191 84239 
84431 84481 84551 84649 84719 84961 85009 85081 
85199 85201 85369 85439 85751 85991 86111 86209 
86351 86399 86689 86711 86929 86951 87049 87071 
87119 87121 87359 87481 87649 87671 87719 87721 
87911 87959 87961 88079 88129 88321 88609 88681 
88729 88799 88801 88919 88969 89041 89209 89231 
89329 89399 89449 89519 89521 89591 89689 89759 
89809 90001 90071 90121 90191 90239 90289 90359 
90481 90529 90599 90841 90911 91009 91079 91081 
91151 91199 91249 91369 91631 91801 91921 91969 
92041 92111 92399 92401 92639 92641 92761 92809 
92831 92951 93001 93169 93239 93241 93479 93481 
93529 93601 93719 93889 93911 94009 94079 94151 
94201 94321 94439 94441 94559 94561 95089 95111 
95231 95279 95401 95471 95569 95881 95929 96001 
96289 96431 96479 96601 96671 96911 96959 97081 
97151 97441 97511 97609 97849 97871 97919 98519 
98639 98641 98689 98711 98929 98999 99119 99191 
99241 99289 99431 99529 99551 99719 99721 99839 
99961 100129 100151 100271 100391 100511 100559 100609 
100799 100801 101089 101111 101159 101161 101209 101279 
101399 101449 101641 101879 101929 101999 102001 102071 
102191 102359 102409 102481 102551 102769 102841 102911 
103079 103319 103391 103511 103561 103681 103919 103969 
103991 104161 104231 104281 104399 104471 104639 104711 
104759 104761 104831 104879 104999 105071 105239 105359 
105361 105529 105601 105649 105769 106031 106129 106319 
106321 106391 106681 106751 106801 106871 106921 107089 
107209 107279 107351 107449 107641 107761 107881 107951 
107999 108191 108289 108359 108529 108769 108791 108959 
108961 109199 109201 109321 109391 109441 109609 109751 
109849 109919 110039 110161 110281 110569 110641 110711 
110879 110881 110951 111049 111119 111191 111409 111431 
111599 111721 111791 111959 112031 112129 112199 112249 
112559 112799 112919 112921 113039 113041 113089 113111 
113159 113161 113209 113279 113591 113759 113761 113809 
114001 114311 114479 114599 114601 114649 114671 114769 
115079 115151 115201 115249 115319 115321 115561 115631 
115679 115751 115849 116041 116089 116159 116279 116329 
116351 116471 116639 116689 116881 116929 117071 117119 
117191 117239 117241 117361 117431 117529 117671 117721 
117839 117841 117889 117911 117959 118081 118249 118369 
118681 118751 118799 118801 119039 119089 119159 119569 
119689 119759 119809 119831 119881 119929 120049 120121 
120431 120671 120721 120889 121081 121151 121271 121321 
121369 121439 121441 121559 121631 121921 122039 122041 
122209 122231 122279 122399 122401 122449 122471 122761 
122929 123001 123049 123169 123191 123239 123289 123311 
123479 123601 123719 123791 123911 124199 124249 124489 
124561 124679 124799 124919 124991 125231 125329 125399 
125471 125591 125639 125641 125711 125929 126001 126241 
126311 126359 126481 126551 126601 126719 126839 126961 
127031 127079 127081 127249 127271 127321 127609 127679 
127681 127849 127921 128111 128159 128351 128399 128449 
128519 128521 128591 128761 128879 128951 129001 129049 
129119 129121 129169 129289 129361 129529 129671 129719 
129841 129959 130079 130199 130201 130369 130439 130489 
130631 130729 131111 131231 131519 131591 131639 131641 
131711 131759 132071 132241 132361 132529 132721 132911 
132961 133201 133271 133319 133391 133439 133559 133631 
133801 133919 134039 134161 134399 134401 134471 134591 
134639 134951 134999 135049 135119 135241 135409 135431 
135479 135599 135601 135649 135671 135719 135721 135911 
136319 136511 136559 136751 136849 136991 137089 137209 
137279 137399 137519 137639 137831 137999 138071 138191 
138239 138241 138289 138311 138599 138841 138889 138959 
139079 139199 139201 139369 139439 139511 139609 139681 
139729 139871 139921 139991 140111 140159 140281 140351 
140401 140449 140521 140639 140689 140759 140761 140831 
140929 141241 141311 141359 141529 141551 141601 141649 
141671 141719 141769 141959 141961 142031 142151 142271 
142319 142391 142559 142609 142799 142871 142969 143111 
143159 143329 143401 143519 143569 143711 143831 143879 
143881 143999 144071 144169 144311 144409 144479 144481 
144671 144719 144791 144839 144889 144961 145009 145031 
145391 145441 145511 145679 145681 145799 145969 145991 
146161 146449 146519 146521 146639 147311 147409 147481 
147551 147671 147769 148079 148151 148199 148249 148439 
148609 148991 149111 149159 149161 149351 149399 149519 
149521 149689 149711 149759 150001 150169 150239 150431 
150551 150649 150721 150769 150791 150889 150959 150961 
151009 151201 151391 151561 151609 151631 151681 151729 
151799 151969 152039 152111 152231 152519 152639 152641 
152809 152879 153001 153071 153191 153359 153409 153649 
153719 153841 153889 153911 154079 154081 154369 154439 
154681 154799 154849 154871 154991 155161 155209 155231 
155399 155689 155809 156071 156119 156241 156361 156601 
156671 156719 156841 157081 157271 157321 157559 157561 
157679 157799 158231 158329 158351 158449 158519 158591 
158759 158761 158881 159119 159169 159191 159311 159431 
159671 159721 159769 159791 159839 159911 160009 160031 
160079 160081 160319 160441 160681 160751 160969 161039 
161159 161281 161471 161521 161569 161639 161761 161879 
161881 161999 162119 162289 162359 162529 162601 162649 
162671 162791 162839 162889 163129 163151 163199 163321 
163561 163679 163729 163871 163991 164039 164089 164209 
164231 164279 164449 164471 164809 164831 164881 164999 
165001 165049 165311 165479 165551 165601 165719 165961 
166031 166151 166319 166561 166609 166631 166679 166799 
166871 166919 167039 167159 167329 167449 167471 167521 
167641 167711 167759 167809 167879 168071 168481 168599 
168601 168719 168769 169009 169079 169129 169151 169199 
169249 169319 169321 169369 169489 169681 169751 169919 
169991 170111 170231 170279 170351 170689 170711 170759 
170761 170881 171049 171481 171529 171671 171719 171889 
172031 172079 172199 172321 172439 172441 172489 172561 
172681 172751 172801 172849 172871 172969 173039 173209 
174049 174071 174169 174241 174289 174311 174431 174481 
174599 174649 174721 174959 175079 175081 175129 175391 
175631 175919 175991 176041 176089 176159 176329 176401 
176521 176591 176641 176711 176951 177239 177409 177431 
177481 177601 177791 177839 177841 177889 178151 178249 
178439 178489 178559 178561 178609 178681 178799 178921 
179041 179089 179111 179161 179209 179281 179351 179471 
179519 179591 179689 179951 179999 180001 180071 180239 
180241 180289 180311 180361 180959 181031 181081 181199 
181201 181439 181609 181729 181751 181871 181919 182089 
182111 182159 182279 182471 182519 182639 182641 182711 
182929 182999 183119 183191 183289 183361 183479 183959 
184031 184081 184199 184271 184321 184369 184441 184489 
184511 184559 184609 184631 185089 185161 185401 185519 
185569 185641 185711 185831 185951 186049 186071 186119 
186191 186239 186311 186479 186551 186649 186671 186841 
186889 186959 187009 187081 187129 187441 187559 187631 
187751 187871 188159 188281 188351 188401 188519 188711 
188831 188999 189169 189239 189311 189361 189479 189529 
189599 189671 190031 190129 190249 190271 190321 190369 
190391 190871 190921 191039 191089 191161 191231 191281 
191519 191689 191831 191929 191999 192121 192191 192239 
192431 192529 192791 192889 192961 193009 193031 193201 
193441 193559 193679 193751 193799 193871 194471 194521 
194569 194591 194809 195049 195071 195121 195311 195359 
195479 195599 195791 196081 196201 196271 196439 196561 
196751 196799 196871 196919 196991 197089 197159 197161 
197279 197521 197569 197641 197711 197759 197831 198241 
198409 198479 198529 198599 198719 198839 198841 198959 
199081 199151 199321 199489 199559 199679 199751 199799 
199921 200041 200159 200231 200329 200351 200401 200569 
200591 200639 200689 200881 200929 201049 201119 201121 
201359 201599 201769 201791 201911 202031 202129 202201 
202441 202679 202729 202751 202799 202921 203039 203209 
203279 203351 203449 203569 203591 203641 203761 203809 
203999 204311 204359 204361 204431 204481 204599 204601 
204719 204791 205031 205081 205129 205151 205201 205319 
205391 205559 205991 206039 206209 206279 206281 206351 
206399 206519 206639 206641 206879 206951 207169 207191 
207239 207241 207409 207479 207481 207551 207671 207719 
207721 207769 208009 208129 208319 208391 208441 208489 
208511 208609 208631 208729 208799 208991 209039 209089 
209159 209401 209449 209471 209519 209569 209639 209809 
209929 210071 210169 210191 210241 210359 210361 210599 
210601 210671 210719 210839 210911 210961 211129 211151 
211199 211271 211319 211369 211441 211559 211681 211801 
212039 212161 212209 212281 212881 212999 213119 213289 
213359 213361 213599 213649 213721 213791 214009 214031 
214129 214391 214439 214559 214561 214631 214729 215161 
215279 215329 215351 215399 215471 215521 215689 216071 
216119 216289 216431 216481 216551 216649 216719 216791 
216841 216911 217081 217199 217201 217271 217319 217369 
217439 217489 217559 217561 217681 217849 217969 218111 
218279 218521 218591 218641 218711 218761 218809 219071 
219119 219169 219311 219361 219409 219529 219599 219649 
219721 219839 219889 219911 219959 220151 220369 220391 
220511 220559 220681 220919 221159 221209 221281 221399 
221401 221471 221831 221951 221999 222289 222311 222361 
222601 222791 222839 222841 223009 223129 223151 223319 
223439 223441 223679 223681 223919 223921 223969 224041 
224209 224351 224401 224449 224569 224591 224711 224759 
224831 224929 224951 225119 225241 225289 225431 225479 
225529 225601 225671 225721 225769 225839 225889 225961 
226129 226199 226201 226511 226609 226631 226799 226871 
226991 227089 227111 227159 227231 227281 227399 227471 
227519 227951 228049 228311 228359 228409 228479 228601 
228841 228911 228959 228961 229081 229199 229249 229321 
229561 229631 229681 229751 229799 229849 230281 230471 
230999 231001 231169 231289 231359 231409 231431 231479 
231481 231529 231551 231599 231719 231839 231841 231961 
232079 232129 232391 232439 232681 232751 232871 232919 
233159 233231 233279 233329 233591 233641 233689 233759 
233879 234191 234239 234431 234529 234599 234721 234769 
234791 234959 234961 235009 235199 235369 235439 235489 
235559 235679 235751 235849 235871 235919 236111 236209 
236231 236399 236449 236471 236519 236879 236881 237071 
237361 237409 237791 237911 237959 238009 238031 238079 
238081 238151 238201 238369 238439 238729 238801 238919 
238921 238991 239231 239521 239641 239689 239711 239831 
239879 239999 240049 240169 240479 240551 240599 240719 
240769 240959 241079 241249 241271 241321 241391 241441 
241489 241511 241559 241561 241679 241919 241921 242161 
242279 242329 242399 242449 242519 242521 242591 242639 
242689 242999 243119 243121 243239 243311 243431 243479 
243671 243769 243839 243911 244009 244129 244199 245039 
245209 245279 245471 245519 245521 245591 245639 245711 
245759 246049 246119 246121 246241 246289 246361 246599 
246769 246839 246889 247031 247201 247369 247391 247439 
247609 247729 247799 248041 248161 248231 248351 248401 
248639 248641 248879 249311 249671 249911 250031 250199 
250441 250489 250681 250751 250799 250871 250919 250969 
251159 251231 251519 251639 251761 251809 251831 251879 
252001 252169 252289 252359 252409 252431 252481 252911 
253081 253321 253369 253439 253609 253679 253681 253751 
253801 253871 253919 253969 254039 254041 254161 254279 
254281 254329 254519 254831 254879 254929 255071 255121 
255191 255239 255361 255551 255649 255839 255841 255961 
256031 256079 256129 256199 256369 256391 256441 256489 
256561 256609 256799 256801 257161 257281 257351 257399 
257401 257519 257591 257639 257689 257711 257879 258119 
258241 258551 258721 258959 259009 259151 259271 259321 
259631 259681 259751 259801 259991 260089 260111 260209 
260231 260399 260569 260761 260809 260879 260951 260999 
261071 261169 261241 261431 261529 261601 261721 261791 
261959 262079 262151 262271 262321 262369 262391 262489 
262511 262681 263089 263111 263209 263399 263519 263521 
263591 263759 263761 263881 263951 264071 264169 264359 
264529 264599 264601 264769 264791 264839 264889 264959 
264961 265079 265129 265151 265249 265271 265511 265561 
265729 265871 265921 266089 266111 266159 266281 266351 
266401 266521 266641 266689 266711 266759 266999 267049 
267431 267479 267481 267551 267601 267671 267719 267721 
267791 267959 267961 268199 268271 268439 268921 268969 
269039 269089 269231 269281 269351 269519 269641 269761 
269879 270071 270191 270239 270241 270311 270551 270601 
270719 270791 270841 270961 271079 271129 271489 271849 
271919 272039 272231 272329 272351 272399 272449 272759 
272809 272879 272999 273001 273289 273311 273359 273551 
273601 273719 274199 274201 274271 274489 274609 274679 
274751 274871 275039 275159 275161 275399 275449 275591 
275641 275711 275881 275929 275999 276049 276191 276239 
276359 276599 276671 276721 276839 276961 277751 277919 
278041 278111 278209 278279 278329 278591 278639 278689 
278809 278879 278881 279001 279119 279121 279311 279431 
279479 279481 279551 279649 280009 280031 280199 280249 
280321 280561 280681 280729 280751 280871 281159 281279 
281641 281761 282001 282071 282239 282241 282311 282409 
282599 282671 282769 282889 282911 282959 283009 283079 
283369 283489 283511 283609 283631 283799 284041 284111 
284159 284161 284231 284521 284591 284759 284831 284881 
285049 285071 285119 285121 285191 285289 285599 285721 
285839 286009 286129 286199 286249 286369 286609 286751 
286801 287159 287279 287281 287449 287689 288049 288191 
288241 288359 288361 288529 288551 288649 288839 289031 
289129 289151 289249 289319 289369 289439 289489 289511 
289559 289871 290039 290041 290161 290209 290351 290399 
290471 290711 290761 290879 290999 291169 291191 291359 
291481 291649 291721 291791 292079 292081 292249 292319 
292441 292489 292561 292631 292679 292801 292849 292921 
292969 293329 293351 293399 293639 293831 293999 294001 
294169 294289 294311 294431 294479 294529 294551 294649 
294911 295079 295081 295129 295199 295201 295271 295319 
295439 295441 295751 295871 296041 296159 296279 296519 
296591 296831 296929 297049 297169 297191 297289 297359 
297601 297719 297841 297889 297911 298031 298201 298369 
298559 298631 298679 298799 299281 299329 299401 299471 
299521 299711 299881 299951 300119 300191 300239 300431 
300481 300719 300721 300889 300961 301079 301319 301489 
301681 301751 301991 302111 302279 302329 302399 302711 
302759 302831 302999 303049 303119 303361 303409 303431 
303529 303551 303649 303839 303889 303959 304009 304081 
304151 304391 304439 304489 304511 304559 304561 304631 
304729 304751 304849 305111 305209 305231 305281 305329 
305351 305401 305449 305471 305521 305639 305759 305761 
305999 306121 306169 306191 306239 306359 306431 306479 
306529 307009 307031 307079 307201 307511 307609 307631 
307871 307919 307969 308041 308519 308521 308569 308639 
308641 308761 308809 308929 308951 308999 309121 309241 
309289 309311 309359 309479 309481 309599 309671 309769 
310081 310129 310439 310511 310559 310729 310801 310969 
311041 311111 311279 311329 311711 311881 311951 312071 
312121 312241 312289 312311 312551 312601 312839 312841 
313009 313031 313081 313129 313151 313249 313321 313561 
313679 313849 313969 313991 314159 314161 314329 314351 
314399 314401 314569 314591 314641 314711 314761 314879 
315409 315481 315529 315551 315599 315671 315961 316031 
316201 316271 316321 316391 316439 316801 316919 316991 
317159 317209 317279 317351 317399 317591 317711 317831 
318191 318289 318431 318601 318671 318841 318889 318911 
319031 319129 319201 319321 319391 319439 319441 319489 
319511 319679 319681 319729 319849 319919 320039 320041 
320329 320401 320449 320471 320521 320591 320759 321169 
321239 321289 321311 321359 321721 321889 321911 321961 
322009 322079 322249 322271 322319 322559 322631 322849 
322871 322919 322921 322969 323471 323591 323641 323711 
323759 323879 323951 324119 324239 324361 324431 324529 
324791 324839 325009 325079 325081 325201 325249 325271 
325319 325439 325631 325681 325729 325751 325921 326159 
326351 326449 326831 326951 326999 327001 327071 327289 
327311 327409 327479 327529 327599 327721 327839 327889 
328129 328249 328271 328439 328511 328849 328919 328921 
329089 329111 329209 329281 329401 329471 329519 329591 
329639 329711 329761 329951 329999 330241 330289 330311 
330359 330409 330431 330719 330721 330791 330839 331031 
331081 331249 331319 331391 331489 331511 331609 331801 
331871 331921 332039 332159 332399 332471 332569 332641 
332711 332881 332951 333049 333071 333479 333719 333721 
333769 333791 333911 333959 334031 334199 334319 334511 
334561 334681 334751 334991 335089 335161 335281 335449 
335519 335591 335641 335689 335809 335879 335999 336121 
336239 336361 336529 336551 336599 336649 336671 336769 
336911 336961 337031 337081 337369 337489 337511 337609 
337681 337751 337871 337919 337969 338159 338231 338279 
338761 338999 339049 339071 339121 339239 339289 339601 
339649 339671 339769 339839 339959 340031 340079 340129 
340201 340321 340369 340559 340801 340849 340919 341041 
341281 341521 341569 341641 341879 341951 342049 342071 
342191 342239 342241 342359 342481 342599 342791 342841 
342889 343081 343199 343391 343489 343559 343561 343631 
343799 343801 344039 344111 344161 344231 344639 344759 
345001 345311 345431 345479 345551 345599 345601 345769 
345791 345889 346079 346321 346369 346391 346439 346441 
346559 346561 346751 346849 347041 347161 347209 347401 
347519 347591 347759 347929 347951 348001 348191 348239 
348241 348431 348671 348769 348839 348889 348911 349079 
349081 349199 349369 349729 349801 349849 349871 349919 
350039 350089 350111 350159 350351 350521 350711 350881 
351121 351289 351311 351359 351361 351479 351529 351551 
351599 351959 352081 352249 352271 352369 352441 352489 
352511 352991 353161 353401 353471 353641 353711 353879 
353929 354001 354121 354169 354479 354551 354791 354839 
354911 354961 355031 355321 355441 355559 355609 355679 
355799 355969 356039 356351 356399 356449 356591 356761 
356831 356929 356999 357169 357239 357241 357359 357431 
357551 357649 357671 357839 358031 358079 358201 358441 
358681 359111 359209 359231 359279 359449 359641 359761 
359929 360071 360551 360649 360769 360959 361271 361441 
361511 361561 361679 361799 361871 361919 362161 362281 
362449 362521 362569 362759 362951 363119 363359 363361 
363431 363529 363551 363719 363841 363889 363911 363959 
364031 364079 364129 364271 364321 364751 364801 364919 
364921 365039 365159 365231 365471 365569 365591 365639 
365641 365689 365759 365809 366001 366169 366239 366409 
366479 366599 366721 366791 366841 367201 367321 367369 
367391 367559 367561 367751 368089 368111 368231 368279 
368399 368471 368521 368689 368881 369071 369119 369169 
369191 369361 369791 369841 369959 369961 370009 370199 
370439 370441 370511 370561 370631 370679 370801 370919 
371281 371471 371639 371831 371929 371951 371999 372049 
372121 372241 372289 372311 372409 372481 372719 372839 
373151 373199 373489 373561 373631 373969 374039 374089 
374111 374159 374351 374399 374639 374761 374879 375049 
375119 375121 375169 375311 375359 375481 375841 376009 
376081 376199 376511 376631 376679 376729 376801 376921 
376969 377231 377329 377471 377521 377711 377761 377809 
377831 377999 378071 378239 378241 378289 378361 378551 
378671 379009 379081 379199 379319 379369 379391 379439 
379441 379679 379681 379751 379849 380041 380231 380329 
380591 380641 380879 380881 380929 380951 381001 381071 
381169 381239 381481 381529 381791 381841 381911 382271 
382391 382511 382631 382729 382751 382871 382919 383041 
383399 383519 383521 383759 383951 384001 384049 384289 
384359 384479 384481 384599 384719 384841 384889 384961 
385079 385081 385129 385199 385249 385321 385391 385559 
385631 385991 386039 386041 386159 386161 386279 386329 
386401 386471 386521 386641 386689 386809 387071 387169 
387529 387551 387791 387839 387911 388081 388319 388369 
388391 388489 388991 389041 389111 389231 389399 389401 
389569 389591 389999 390001 390119 390191 390289 390359 
390479 390671 390791 390889 390959 390961 391031 391151 
391199 391249 391441 391631 391679 391751 391801 391921 
392111 392159 392209 392279 392351 392519 392569 392759 
392831 392879 392929 393121 393191 393241 393311 393361 
393479 393551 393649 393671 393721 393961 394201 394249 
394271 394319 394369 394489 394631 395039 395111 395159 
395231 395449 396001 396119 396239 396311 396479 396601 
396719 397151 397729 397751 397799 397849 397921 398039 
398471 398569 398591 398711 398759 399071 399239 399241 
399481 399719 399769 399911 400009 400031 400151 400199 
400321 400391 400441 400559 400679 400849 400871 401039 
401161 401231 401279 401329 401519 401689 401711 401809 
402049 402071 402239 402359 402361 402551 402769 403079 
403369 403391 403439 403511 403679 403729 403849 403969 
404161 404399 404449 404951 405001 405049 405071 405239 
405241 405529 405599 405719 405959 406271 406559 406561 
406631 406729 406969 407401 407471 407521 407639 407879 
408049 408071 408169 408241 408311 408361 408431 408479 
408719 408769 408911 408959 409081 409271 409369 409391 
409609 410231 410279 410281 410401 410519 410759 410929 
410999 411049 411071 411119 411241 411311 411361 411409 
411479 411721 411841 412031 412081 412201 412249 412609 
412849 413089 413111 413159 413521 413711 413759 413879 
413951 414049 414241 414311 414361 414431 414769 414889 
414959 415031 415271 415319 415391 415489 415559 415609 
415631 415729 415799 415801 415969 416089 416159 416281 
416399 416761 416881 417119 417169 417191 417239 417311 
417479 417649 417671 417719 417721 417839 417959 417961 
418009 418031 418079 418129 418199 418321 418391 418511 
418559 418631 418751 418799 418849 418871 418921 419161 
419231 419281 419329 419351 419401 419449 419591 419711 
419831 419929 419999 420001 420191 420241 420361 420479 
420481 420551 420599 420671 420769 421079 421081 421559 
421609 421801 422041 422089 422111 422209 422231 422689 
422711 422759 422761 422879 422881 423191 423289 423431 
423481 423601 423649 423791 423961 424079 424129 424199 
424271 424559 424679 424729 424849 425039 425279 425329 
425471 425519 425521 425591 425641 425879 426311 426551 
426841 426889 427079 427151 427249 427369 427439 427681 
427751 427919 427969 427991 428039 428041 428161 428231 
428471 428569 428639 428759 428951 429119 429241 429361 
429409 429431 429529 429551 429599 429719 429791 429889 
429911 430081 430319 430511 430751 430799 431329 431399 
431449 431521 431759 431881 431929 432121 432241 432359 
432479 432721 432959 432961 433079 433151 433249 433271 
433319 433439 433679 433681 433729 434039 434111 434209 
434471 434521 434689 434831 434881 435191 435359 435481 
435529 435649 435769 435839 436081 436151 436439 436801 
436871 437111 437159 437279 437351 437401 437471 437519 
437809 437881 438001 438049 438169 438241 438409 438479 
438551 438601 438671 438769 439009 439081 439199 439441 
439511 439559 439631 439729 439799 439919 439969 439991 
440039 440159 440281 440399 440471 440569 440641 440711 
440831 441121 441169 441191 441359 441361 441479 441839 
441841 442009 442031 442151 442201 442271 442319 442439 
442489 442609 442919 442991 443039 443041 443159 443161 
443231 443281 443591 443689 443711 443759 443761 443879 
443881 443999 444001 444289 444529 444649 444671 444791 
444841 445031 445199 445271 445321 445631 445799 445871 
445969 446041 446111 446231 446279 446399 446401 446759 
446951 447001 447119 447311 447409 447481 447791 447841 
447961 448031 448199 448249 448321 448561 448631 448801 
448871 448969 449161 449209 449399 449569 449591 449689 
449759 449879 449929 449951 450001 450071 450169 450239 
450311 450431 450479 450481 450529 450599 450649 450719 
450839 450841 451201 451249 451439 451441 451609 451679 
451681 451799 451921 452041 452159 452161 452279 452329 
452401 452519 452521 452689 452759 452831 453119 453239 
453289 453311 453599 453601 453671 453889 453961 454009 
454031 454079 454151 454199 454609 454679 454799 454919 
454921 454969 454991 455159 455401 455471 455711 455809 
455831 455999 456119 456241 456409 456529 456649 456769 
456791 456959 457151 457201 457271 457319 457511 457559 
457609 457679 457799 457871 458039 458399 458449 458569 
458639 458879 458929 459169 459479 459649 459671 459791 
459961 460079 460081 460561 460609 460871 460919 460969 
460991 461521 461569 461639 461689 462191 462239 462311 
462361 462409 462481 462719 462841 462911 463031 463249 
463319 463321 463511 463679 463849 463919 463921 464089 
464279 464281 464351 464521 464591 464809 464879 464951 
464999 465071 465119 465169 465551 465721 465841 466009 
466079 466201 466321 466369 466441 466729 466751 466801 
466919 467209 467399 467471 467591 467641 467689 467879 
467881 468001 468049 468071 468121 468191 468239 468289 
468359 468551 468599 468719 468841 469009 469031 469321 
469369 469439 469631 469801 469849 469919 469969 470039 
470089 470161 470209 470279 470399 470471 470689 470711 
470831 470881 470999 471241 471649 471671 471719 471721 
471769 471791 471841 471959 472151 472249 472319 472369 
472391 472559 472561 472631 472751 472799 472921 473089 
473159 473279 473351 473471 473519 473761 473929 473951 
473999 474049 474119 474241 474289 474311 474359 474479 
474671 474769 474839 474911 474959 475081 475151 475271 
475369 475511 475679 475681 475729 475751 475921 475991 
476039 476041 476089 476111 476279 476351 476401 476519 
476591 476639 476759 476831 476929 477359 477361 477551 
477671 477721 477769 477791 477839 478129 478199 478271 
478321 478391 478441 478631 478679 478729 478871 478991 
479041 479209 479231 479569 479639 479761 479879 479881 
479951 480049 480071 480169 480839 480911 480959 481009 
481199 481489 481681 481751 481849 482039 482231 482281 
482351 482399 482401 482519 482569 482641 482689 482711 
482759 483071 483239 483289 483481 483551 483649 483671 
483719 483839 484079 484129 484151 484201 484369 484439 
484489 484751 485041 485161 485209 485351 485519 485689 
485831 486071 486119 486481 486601 486671 486721 486839 
487079 487391 487489 487561 487681 488161 488209 488231 
488329 488399 488639 488641 488689 488711 488759 488879 
489001 489191 489239 489241 489361 489409 489431 489479 
489529 489551 489791 489959 489961 490031 490151 490201 
490249 490271 490559 490631 490849 490921 490969 490991 
491039 491041 491159 491279 491329 491591 491639 491951 
492409 492431 492551 492601 492671 492719 492721 492769 
492839 492911 493201 493249 493369 493729 493919 494041 
494281 494471 494519 494591 494639 494759 494761 495071 
495119 495241 495289 495359 495769 495791 495959 496079 
496439 496511 496609 496631 496681 496849 496871 496919 
497111 497279 497281 497351 497449 497521 497711 497831 
497929 497999 498119 498409 498551 498599 498791 498961 
499151 499321 499391 499439 499559 499679 499729 499801 
499969 500041 500111 500231 500471 500519 500809 500831 
500881 501001 501121 501191 501409 501601 501719 501769 
501889 501911 502079 502081 502321 502441 502631 502729 
502919 503039 503159 503231 503351 503879 504001 504121 
504289 504311 504359 504479 504599 504671 505031 505129 
505201 505319 505321 505511 505559 505871 505919 505969 
506281 506329 506351 506591 506809 506929 506999 507049 
507071 507119 507289 507359 507361 507431 507599 507719 
507839 507961 508009 508271 508439 508489 508559 508799 
508919 508969 509281 509329 509449 509521 509569 509591 
509689 509879 510049 510121 510311 510361 510481 510551 
510889 511151 511201 511391 511439 511559 511631 511801 
511991 512521 512569 512591 512641 512711 512929 512999 
513001 513169 513239 513311 513431 513479 513481 513529 
513649 513719 513769 513839 513841 514009 514079 514081 
514201 514271 514561 514681 514751 515041 515089 515111 
515279 515351 515401 515519 515639 515761 515951 516049 
516169 516359 516361 516431 516599 516721 516839 516911 
516959 517079 517129 517151 517249 517511 517919 517991 
518159 518209 518471 518759 518809 518831 519119 519359 
519551 519889 520031 520129 520151 520369 520631 520679 
520969 521039 521041 521161 521231 521281 521329 521399 
521401 521471 521519 521641 521809 521831 521879 521929 
521999 522191 522239 522289 522479 522601 522719 522839 
522959 522961 523031 523129 523511 523631 523681 523801 
523969 524231 524351 524519 524521 524591 524831 524999 
525001 525191 525359 525361 525409 525431 525529 525599 
525671 525719 525769 525839 525961 526199 526249 526271 
526391 526511 526679 527159 527161 527209 527399 527591 
527881 528001 528191 528289 528719 528791 528911 529129 
529271 529489 529681 529751 529871 530041 530209 530279 
530329 530401 530641 530711 531071 531121 531239 531359 
531551 531841 531911 532009 532199 532249 532391 532439 
532489 532751 532801 532849 532919 533089 533111 533399 
533641 533711 533809 533831 533879 533999 534049 534311 
534431 534601 534649 534671 534839 534841 534889 535151 
535319 535391 535511 535609 535679 535751 535849 535919 
535991 536111 536279 536281 536399 536449 536929 536999 
537001 537071 537191 537599 537769 537841 538079 538151 
538199 538201 538249 538511 538561 538751 538799 538801 
538871 538921 539039 539089 539111 539159 539351 539401 
539449 539639 539641 539711 539761 539881 540119 540599 
540769 540961 541129 541249 541271 541369 541391 541439 
541511 541631 541799 541991 542111 542281 542401 542519 
542761 542831 542951 542999 543241 543289 543311 543359 
543551 543601 543671 543769 543791 543841 543889 543911 
544009 544031 544129 544199 544631 544919 545089 545161 
545231 545329 545449 545521 545641 545711 545759 545929 
546071 546239 546241 546361 546479 546599 546671 546719 
546841 547249 547271 547321 547559 547609 547681 547849 
547871 548039 548089 548351 548399 548519 548521 548591 
548831 549071 549121 549169 549431 549481 549551 549649 
549719 549839 549911 550009 550369 550439 550489 550609 
550631 550679 551039 551231 551281 551519 551569 551951 
552001 552239 552241 552481 552649 552791 552841 553249 
553439 553561 553681 553849 553919 553921 553991 554089 
554209 554569 554639 554641 554711 554759 554951 555119 
555361 555671 556271 556321 556559 556609 556679 556799 
556849 557041 557159 557281 557329 557519 557521 557591 
557639 557759 557761 557831 558121 558289 558431 558479 
558529 558599 558721 558769 558791 559081 559201 559319 
559511 559561 559631 559679 559799 559849 559991 560039 
560089 560159 560471 560639 560641 560689 560761 560929 
561191 561359 561409 561529 561551 561599 561839 561961 
562129 562201 562271 562439 562631 562871 563039 563351 
563449 563809 563831 563929 563999 564049 564191 564359 
564409 564671 564959 565319 565391 565441 565511 565559 
565849 565919 565921 566089 566231 566639 566759 566879 
566999 567121 567529 567601 567649 567719 567841 568151 
568201 568391 568439 568441 568609 568679 568751 568921 
568991 569111 569159 569161 569209 569711 569759 569809 
569831 570001 570049 570071 570191 570359 570529 570601 
570649 570671 570719 570839 570959 570961 571031 571199 
571201 571321 571369 571679 571751 571799 571801 571871 
571969 572041 572161 572281 572329 572399 572449 572471 
572519 572639 572711 572879 572881 573119 573289 573409 
573479 573481 573719 573791 574031 574081 574201 574439 
574631 574799 574801 575231 575591 575689 575711 576001 
576049 576119 576431 576529 576551 576649 576671 576721 
576769 576791 576889 577009 577081 577151 577249 577271 
577559 577751 577799 577849 577919 578041 578209 578399 
578689 578881 578999 579119 579239 579311 579529 579721 
580031 580079 580081 580201 580561 580631 580871 580919 
580969 581041 581089 581351 581639 581809 582119 582551 
582601 582649 582719 582721 582961 583031 583249 583391 
583511 583631 583801 583969 583991 584279 584281 584399 
584471 584809 584879 584951 584999 585071 585119 585289 
585551 585601 585671 585721 585791 585839 585841 585889 
585911 586009 586319 586609 586631 586679 586801 586849 
586871 586919 586921 587281 587519 587711 587999 588121 
588169 588191 588239 588241 588311 588359 588361 588481 
588529 588649 588839 588911 589439 589609 589681 589751 
589921 590041 590279 590399 590809 590929 591289 591431 
591599 591649 591791 591959 592129 592199 592321 592369 
592391 592489 592561 592609 592681 592849 592919 593041 
593111 593209 593231 593399 593401 593449 593519 593641 
593689 593711 593951 594119 594241 594311 594359 594551 
594721 594911 594959 594961 595081 595201 595271 595319 
595801 596159 596209 596231 596279 596399 596831 596879 
596929 597239 597409 597551 597599 597671 597769 597889 
598079 598151 598369 598439 598681 598729 598799 599231 
599281 599399 599519 599759 599831 599999 600071 600169 
600239 600241 600289 600311 600359 600361 600529 600601 
600791 600841 600889 600959 600961 601031 601079 601201 
601319 601439 601631 601751 601801 601849 601969 602039 
602111 602279 602351 602401 602521 602639 602711 602759 
602831 602929 602951 602999 603191 603431 603529 603719 
603769 603791 604031 604319 604369 604441 604559 604609 
604729 604801 605329 605401 605471 605639 605641 605809 
605879 606049 606121 606241 606311 606649 606721 606791 
606839 606959 606961 607129 607151 607199 607249 607319 
607681 607921 607991 608089 608161 608401 608471 608519 
608521 608591 608759 608831 608999 609071 609241 609289 
609359 609361 609599 609601 609911 610031 610081 610199 
610271 610391 610439 610559 610681 610801 610849 610919 
610921 610969 611111 611279 611449 611641 611879 611951 
611999 612049 612071 612169 612481 612671 612719 612791 
612841 612889 613199 613439 613441 613559 613609 613849 
613969 614041 614279 614569 614639 614759 614881 615289 
615431 615479 615599 615721 616079 616129 616321 616391 
616439 616489 616729 616799 616849 616871 616991 617039 
617161 617231 617401 617471 617521 617689 617759 617761 
617809 617879 617951 618049 618119 618311 618361 618671 
618719 618841 619009 619079 619391 619511 619561 619681 
619849 619921 620111 620159 620329 620351 620401 620519 
620569 620639 620689 620759 620831 620929 620999 621239 
621289 621359 621431 621671 621721 621769 622009 622129 
622151 622249 622561 622751 622849 623041 623209 623279 
623281 623351 623401 623521 623591 623641 623759 623879 
623881 623929 624049 624119 624191 624241 624311 624479 
624599 624601 624649 624721 624769 624791 624839 624961 
625129 625199 625319 625369 625489 625609 625631 625871 
626159 626519 626711 626761 626809 626929 627071 627119 
627169 627191 627479 627481 627721 627791 627841 627911 
628319 628391 628679 628681 628799 628801 628921 629281 
629351 629401 629569 629591 629689 629711 629929 630169 
630481 630529 630719 630841 630911 631151 631249 631271 
631391 631559 631679 631681 631751 631991 632041 632089 
632209 632231 632329 632351 632521 632591 632881 633001 
633359 633599 633649 633791 633961 634031 634079 634199 
634441 634511 634609 634679 634871 634969 635039 635279 
635351 635449 635471 635519 635639 635689 635711 635879 
636071 636241 636359 636409 636719 637079 637129 637199 
637201 637271 637319 637321 637369 637489 637751 638159 
638161 638689 638999 639049 639169 639311 639361 639599 
639601 639671 639719 639839 639911 639959 640009 640151 
640249 640631 640919 641089 641279 641471 641519 641521 
641639 641761 641881 641929 642049 642071 642121 642241 
642359 642361 642529 642769 642791 643031 643081 643129 
643199 643369 643439 643681 643729 643751 643919 643969 
643991 644159 644401 644519 644569 644881 644951 644999 
645049 645409 645431 645481 645529 645599 645649 645839 
646199 646271 646609 646631 646991 647039 647111 647161 
647209 647399 647401 647641 647809 647951 648119 648191 
648239 648289 648481 648649 648671 648719 648841 648889 
648911 649079 649081 649151 649321 649511 649559 649631 
649751 649799 649801 649849 649871 649969 649991 650281 
650329 650401 650449 650519 650591 650759 650761 651071 
651169 651191 651239 651289 651361 651481 651649 651769 
651839 651841 652079 652081 652319 652321 652369 652559 
652609 652849 652871 652921 652969 652991 653111 653209 
653281 653519 653641 653711 653761 653831 653879 653881 
653929 653951 654001 654169 654191 654529 654601 654671 
654839 654889 655439 655489 655511 655559 655561 655849 
656039 656329 656471 656519 656951 657049 657071 657121 
657289 657311 657361 657431 657649 657719 657841 657911 
657959 658079 658199 658319 658321 658391 658681 658751 
658871 658919 658969 658991 659159 659231 659279 659521 
659569 659591 659639 659689 659759 659761 659831 659881 
659951 659999 660001 660071 660119 660409 660599 660601 
660719 660769 660791 661009 661321 661439 661679 661849 
662111 662231 662351 662401 662449 662591 662639 662689 
662951 662999 663001 663049 663071 663191 663239 663241 
663359 663409 663529 663599 663959 664009 664151 664199 
664271 664319 664369 664511 664679 664799 664849 665039 
665111 665279 665351 665569 665591 665761 666119 666191 
666431 666599 666649 666671 666769 666959 667081 667129 
667559 667631 667801 667921 667991 668089 668111 668159 
668209 668471 668761 668879 668929 668999 669049 669121 
669241 669289 669311 669359 669479 669481 669551 669649 
669791 669839 670031 670129 670199 670321 670489 670511 
670559 670729 670849 670919 670991 671039 671159 671161 
671401 671471 671519 671591 671831 671999 672169 672289 
672311 673129 673199 673201 673271 673391 673441 673609 
673801 673921 673991 674159 674161 674231 674449 674711 
674759 674761 674831 674879 674929 675071 675239 675481 
675601 675839 675841 675889 675959 676031 676129 676391 
676679 676751 676919 677041 677111 677231 677471 677639 
678169 678191 678289 678409 678479 678481 678599 678649 
678719 678721 678959 679249 679319 679561 679681 679751 
679919 679969 680039 680159 680161 680209 680399 680401 
680569 680759 680831 680879 680881 680929 681001 681049 
681311 681361 681409 681719 681839 681841 682009 682079 
682151 682321 682439 682489 682511 682679 682729 682751 
683041 683159 683231 683351 683401 683471 683759 683831 
684119 684121 684191 684239 684289 684311 684599 684769 
684791 684841 684889 684961 685031 685081 685199 685249 
685271 685319 685369 685511 685609 685631 685679 685849 
685969 685991 686039 686089 686209 686519 686639 686761 
686879 687121 687289 687311 687359 687431 687481 687551 
687721 687839 687961 688031 688201 688249 688511 688631 
688679 688799 689041 689089 689279 689641 689761 689831 
689879 689929 689951 690119 690719 690721 690839 690841 
690889 691079 691129 691151 691199 691489 691631 691681 
691799 691919 691921 691991 692089 692161 692281 692399 
692521 692591 692641 692689 692711 692761 693169 693359 
693409 693431 693529 694079 694081 694201 694271 694319 
694391 694511 694559 694871 694919 695089 695111 695281 
695329 695689 695809 695879 695881 695999 696119 696239 
696359 696361 696481 696719 696721 696961 697009 697079 
697201 697271 697441 697511 697681 697729 698039 698111 
698471 698521 698591 698641 699001 699119 699169 699191 
699241 699289 699529 699649 699719 699791 699961 700079 
700081 700129 700199 700201 700319 700391 700561 700681 
700751 700801 700849 700871 700919 701089 701159 701209 
701279 701329 701399 701401 701711 701761 701881 701951 
702239 702311 702431 702529 702551 702599 702671 702721 
703081 703249 703321 703441 703489 703559 703561 703631 
703679 703849 703991 704111 704279 704281 704399 704449 
704521 704761 704929 704999 705119 705169 705191 705409 
705841 706009 706151 706201 706369 706631 706679 706729 
706751 706801 706919 707111 707159 707279 707689 707711 
707831 707929 707951 708049 708119 708311 708359 708361 
708479 708481 708599 708601 708839 708959 709151 709201 
709271 709561 709609 709679 709729 709799 709871 709921 
709991 710351 710399 710449 710519 710569 710951 711049 
711409 711479 711839 711889 711959 712199 712319 712321 
712511 712631 712681 713039 713159 713281 713329 713351 
713399 713569 713831 714169 714361 714479 714481 714529 
714551 714601 714719 714839 714911 715031 715151 715249 
715439 715441 715489 715679 715681 715849 715919 715969 
715991 716161 716279 716351 716399 716449 716591 716809 
716929 716951 717001 717191 717289 717529 717551 717719 
717841 718271 718391 718511 718559 718871 718919 719041 
719281 719351 719569 719639 719689 719951 720289 720311 
720359 720361 720481 720791 721079 721129 721199 721319 
721321 721439 721561 721631 721849 721921 721991 722159 
722521 722639 723049 723071 723119 723169 723361 723409 
723479 723529 723551 723601 723721 723791 723839 723959 
724079 724441 724631 724729 724751 724991 725041 725111 
725159 725161 725209 725399 725449 725519 725639 725929 
725999 726071 726169 726191 726289 726431 726599 726601 
726839 726841 726911 727009 727079 727201 727271 727369 
727561 727729 727799 728209 728281 728471 728521 728639 
728809 728831 728881 728929 729191 729359 729551 729601 
729649 729671 729719 729791 730199 730321 730559 730679 
730799 730969 731041 731209 731639 731711 731761 731831 
731881 731999 732191 732239 732311 732601 732841 732889 
732911 732959 733009 733391 733511 733559 733561 733751 
733849 733871 733919 733921 733991 734159 734329 734401 
734471 734759 734879 735001 735071 735169 735239 735311 
735359 735431 735479 735649 735719 736249 736369 736511 
736679 736871 736921 737039 737041 737089 737111 737159 
737279 737281 737351 737591 737809 737929 737999 738071 
738121 738721 738791 738839 738889 738961 739031 739199 
739201 739369 739391 739439 739511 739631 739751 739799 
739969 740041 740161 740279 740329 740351 740521 740591 
740711 740951 741001 741071 741119 741121 741409 741431 
741479 741599 741721 742031 742151 742199 742201 742369 
742439 742559 742681 742801 742991 743089 743111 743159 
743209 743279 743401 743591 743689 743711 743881 744071 
744239 744431 744599 744649 744721 744791 744911 744959 
745249 745369 745391 745609 745631 745751 746041 746209 
746231 746329 746951 747049 747239 747529 747599 747839 
747889 748199 748249 748271 748441 748609 748729 748801 
748871 748921 749209 749279 749351 749401 749449 749471 
749641 749711 749809 750119 750311 750599 750719 750721 
750769 750791 750961 751151 751199 751319 751321 751609 
751631 751799 751871 751921 751969 752111 752351 752449 
752519 752569 752639 752809 752831 752881 752929 753001 
753191 753409 753719 753721 753839 753959 754081 754249 
754489 754751 754969 754991 755351 755399 755401 755449 
755759 755809 755879 756191 756289 756601 756649 756719 
756839 756961 757151 757201 757271 757319 757751 758111 
758159 758231 758279 758519 758521 758711 759001 759359 
759431 759599 759719 759911 759959 759961 760079 760129 
760321 760489 760511 760561 760729 760871 761161 761351 
761399 761471 761591 761689 761711 761809 761879 762001 
762049 762239 762241 762409 762479 762529 762599 762791 
762959 763031 763201 763271 763369 763391 763559 763751 
763801 763921 764041 764089 764111 764209 764399 764471 
764521 764591 764999 765169 765241 765649 765889 766079 
766321 766369 766439 766511 766559 766679 767089 767111 
767161 767279 767399 767471 767521 767759 767761 767831 
767881 767951 768049 768169 768191 768241 768359 768409 
768431 768479 768671 768841 769151 769729 769751 769799 
769871 769919 770039 770041 770111 770281 770401 770449 
770519 770591 770639 770641 770761 770929 770951 771049 
771289 771359 771431 771481 771769 771889 772081 772391 
772439 772441 772631 772921 772991 773039 773159 773209 
773231 773831 773879 773951 773999 774001 774071 774119 
774239 774289 774551 774601 774671 774791 774959 775079 
775441 775681 775729 775871 775919 776159 776401 776449 
776471 776569 776759 776879 777001 777071 777169 777191 
777241 777431 777479 777551 777671 777769 777839 777911 
778079 778081 778201 778319 778391 778439 778511 778559 
778681 778871 779039 779111 779159 779231 779329 779351 
779591 779761 779879 780049 780119 780191 780601 780649 
780671 780719 780721 780841 780889 780961 781199 781271 
781321 781369 781511 781559 781631 781681 781799 781919 
781969 782209 782231 782519 782641 782689 782711 783119 
783121 783191 783359 783361 783599 783719 783721 783791 
784009 784129 784249 784321 784489 784799 784919 785159 
785329 785569 785591 785641 785809 785879 785951 786001 
786241 786311 786431 786551 786719 786889 786959 787079 
787439 787489 787609 787751 788041 788089 788159 788209 
788231 788351 788399 788449 788521 788569 788761 788999 
789001 789169 789311 789671 789721 789959 789961 790199 
790201 790271 790369 790871 790969 790991 791111 791159 
791209 791519 791569 791951 792119 792241 792359 792479 
792481 792529 792551 792601 792769 792959 793129 793439 
793489 793511 793561 794039 794041 794111 794161 794231 
794399 794449 794471 794641 794711 794831 794879 794881 
794999 795071 795121 795239 795479 795551 795601 795649 
795791 796009 796151 796391 796561 796751 796799 796801 
796849 796871 796969 797039 797161 797281 797399 797569 
797591 797689 797711 798071 798121 798191 798409 798481 
798599 798649 798911 798961 799031 799151 799369 799441 
799489 799609 799679 799801 799921 799991 800089 800159 
800161 800209 800231 800281 800329 800351 800399 800519 
800521 800711 800759 800879 800999 801001 801289 801551 
801791 801841 801959 802031 802129 802441 802511 802609 
802729 802751 802799 802969 803041 803399 803519 803591 
804119 804191 804239 804409 805031 805081 805249 805271 
805369 805559 805729 805799 805991 806041 806111 806159 
806329 806521 806639 806761 806951 806999 807071 807119 
807241 807479 808081 808369 808391 808439 808441 808559 
808679 808681 808751 808919 808991 809041 809231 809399 
809401 809569 809759 810049 810071 810191 810239 810361 
810409 810671 810769 810791 810839 810961 811199 811441 
811511 811561 811729 811799 811871 811919 811991 812281 
812351 812401 812519 812639 812641 812689 812711 812759 
813049 813121 813311 813361 813601 813721 813961 814031 
814081 814129 814199 814559 814631 814799 814991 815159 
815231 815279 815351 815401 815471 815519 815569 815809 
815831 816121 816169 816191 816239 816649 816769 816839 
816911 816961 817081 817151 817319 817321 817561 817679 
817871 817919 818231 818281 818399 818569 818999 819001 
819239 819241 819289 819311 819409 819431 819719 819769 
819911 820129 820201 820271 820319 820321 820441 820489 
820559 820609 820679 820681 820921 820969 820991 821039 
821089 821209 821281 821329 821449 821519 821641 821759 
821809 821879 821999 822049 822169 822191 822361 822431 
822551 822599 822671 822721 822791 822839 822889 823129 
823201 823271 823679 823729 823799 823969 824039 824231 
824281 824399 824401 824591 824641 824951 825001 825049 
825191 825241 825361 825479 825551 825791 825889 825959 
825961 826129 826151 826271 826391 826559 826561 826681 
826799 826849 826921 827039 827041 827161 827231 827521 
827591 827639 827809 828071 828119 828169 828239 828361 
828409 828431 828601 828721 828889 829151 829249 829319 
829511 829561 829729 829849 830041 830111 830279 830329 
830449 830591 830639 831071 831191 831239 831361 831409 
831431 831529 831599 831769 831889 831911 832079 832081 
832129 832151 832369 832631 832679 832681 832729 832801 
832919 832969 833281 833449 833711 833759 833999 834311 
834599 834671 834959 834961 835249 835271 835319 835321 
835391 835441 835489 835511 835559 835609 836159 836161 
836351 836449 836471 836569 836761 836879 836951 837071 
837191 837359 837409 837601 837721 838249 838391 838441 
838561 838609 838631 838751 838919 838969 838991 839161 
839351 839471 839519 839809 839831 839879 839999 840239 
840241 840479 840601 840839 840841 840911 841079 841081 
841369 841391 841559 841751 841801 841849 841921 842041 
842089 842111 842159 842209 842279 842351 842399 842449 
842519 842521 842759 842879 842951 843289 843361 843649 
843841 843889 843911 844199 844201 844439 844489 844511 
844609 844631 845041 845111 845209 845231 845279 845879 
845881 845951 846359 846361 846529 846721 846841 846961 
847031 847079 847151 847201 847271 847321 847681 847871 
847919 847991 848399 848591 848761 848879 849049 849119 
849311 849481 849599 849601 849649 849721 849839 850009 
850081 850271 850439 850631 850679 850849 851041 851159 
851209 851231 851351 851449 851471 851519 851569 851639 
851689 851761 851831 851881 852121 852191 852239 852409 
852671 852769 852889 852959 853031 853079 853319 853439 
853799 853969 854039 854041 854089 854111 854159 854351 
854569 854881 854929 854951 854999 855119 855191 855241 
855311 855359 855431 855601 855671 855719 855721 855889 
856249 856369 856391 856441 856799 856969 857039 857161 
857281 857471 857569 857711 857809 857929 857951 858001 
858239 858241 858311 858479 858769 858841 858911 859031 
859081 859321 859559 859561 859609 859679 859681 859751 
859799 859801 859919 860089 860351 860399 860569 860689 
860759 860809 860929 861001 861121 861191 861239 861361 
861551 861599 861719 862009 862031 862129 862249 862319 
862369 862441 862559 862919 862921 862991 863231 863279 
863641 863689 863711 863879 864119 864121 864169 864191 
864289 864359 864361 864551 864911 864959 865201 865511 
865681 865729 865751 865871 866161 866231 866279 866399 
866471 866519 866639 866641 866689 866759 867001 867121 
867409 867431 867719 867959 868081 868151 868199 868249 
868271 868489 868559 868561 868799 868849 869039 869399 
869471 869521 869689 869809 869879 869951 870169 870239 
870241 870431 870479 870601 870889 870911 871271 871439 
871679 871681 871919 872041 872089 872159 872161 872231 
872281 872351 872471 872761 872951 872999 873049 873121 
873359 873529 873671 873721 873959 874009 874151 874249 
874271 874681 874729 874799 874919 875519 875521 875591 
875689 875711 875759 875929 876121 876191 876311 876431 
876479 876529 876719 876721 876769 876791 877199 877321 
877871 878039 878041 878089 878159 878279 878641 878831 
878929 879001 879119 879169 879239 879649 879721 879839 
879961 880031 880151 880199 880559 880681 880751 880799 
880801 880871 881159 881351 881449 881471 881591 881641 
881711 882071 882169 882239 882289 882359 882481 882529 
882551 882599 882719 882961 883249 883391 883489 883871 
883921 883991 884111 884159 884231 884591 884831 884951 
884999 885169 885239 885289 885359 885529 885551 885721 
885769 885791 885839 885889 885959 885961 886031 886129 
886199 886511 886609 886751 886799 886969 887399 887401 
887449 887641 887759 888001 888359 888361 888409 888431 
888479 888721 888959 889081 889271 889391 889439 889489 
889631 889921 890111 890159 890161 890231 890711 890761 
890809 890881 890999 891001 891049 891239 891311 891409 
891551 891601 891889 892079 892249 892271 892321 892391 
892439 892559 892609 892849 892919 893041 893111 893161 
893281 893351 893449 893591 893881 893929 893999 894119 
894191 894239 894409 894431 894721 894791 895009 895079 
895151 895319 895681 895729 895799 895801 896111 896281 
896449 896521 896879 897049 897119 897191 897241 897359 
897649 897671 898129 898199 898319 898369 898439 898561 
898921 899159 899161 899209 899401 899519 899711 899761 
899831 900001 900121 900169 900241 900409 900481 900551 
900649 900671 900719 900959 901009 901079 901249 901441 
901489 901679 901751 901919 902039 902089 902281 902351 
902401 902449 902471 902521 902569 902591 902639 902761 
903311 903359 903479 903841 904201 904369 904489 904511 
904559 904679 904681 904801 904919 905111 905161 905209 
905329 905449 905759 905951 905999 906119 906289 906431 
906481 906601 906649 906839 906911 907031 907199 907321 
907369 907391 907849 907871 907969 908041 908449 908471 
908521 908591 908711 908759 908879 908881 909071 909119 
909239 909241 909409 909481 909599 909791 909889 909911 
910031 910199 910201 910369 910561 910631 910751 910799 
910849 911039 911089 911111 911159 911161 911231 911689 
911831 911879 911951 912239 912409 912481 912649 912839 
912911 912959 913151 913321 913441 913799 913921 914161 
914279 914351 914519 914521 914569 914591 914951 915049 
915071 915191 915311 915479 915601 915769 915839 915911 
915961 916031 916129 916319 916441 916511 916679 916871 
917039 917041 917089 917159 917209 917281 917471 917519 
917591 917689 917759 917809 917831 917951 918361 918431 
918529 918839 918889 918959 919031 919081 919129 919249 
919319 919511 919559 919631 919679 919729 919799 919871 
920039 920209 920279 920281 920399 920519 920761 920951 
920999 921121 921169 921191 921241 921409 921839 921841 
921911 921959 922079 922081 922321 922391 922489 922511 
922631 922679 922681 922729 923399 923471 923591 923711 
923929 924191 924241 924359 924431 924551 924601 924719 
924769 924841 924961 925079 925271 925369 925391 925559 
925679 925849 925921 926111 926161 926351 926399 926689 
926879 927001 927191 927361 927431 927649 927671 927769 
927791 927961 928079 928271 928559 928561 928679 928799 
928849 928871 929161 929209 929399 929639 929641 929809 
930071 930119 930191 930289 930409 930481 930551 930719 
930841 930889 930911 931129 931199 931319 931729 931751 
932039 932231 932471 932521 932761 932879 932951 932999 
933001 933241 933479 933551 933601 933649 933671 933839 
934009 934079 934151 934319 934441 934489 934561 934799 
934919 935399 935591 935639 935689 935999 936119 936311 
936361 936599 936769 936889 936911 937031 937151 937511 
937679 937751 937919 937969 937991 938279 938351 938569 
938591 938831 938879 938881 939119 939359 939361 939431 
939551 939599 939649 939769 939791 939839 940031 940201 
940249 940271 940319 940801 940871 941041 941159 941209 
941329 941351 941449 941471 941519 941641 941879 941929 
941999 942311 942479 942719 942889 943009 943031 943079 
943199 943249 943321 943511 943729 943751 943799 943849 
943871 944039 944161 944329 944399 944519 944521 944591 
944689 944711 944929 945289 945359 945409 945431 945479 
945481 945601 945671 945961 946031 946079 946081 946369 
946391 946489 946511 946801 946919 946969 947351 947449 
947641 947711 948049 948551 948671 948721 948839 949391 
949439 949441 949609 949631 949849 950039 950041 950111 
950231 950281 950329 950401 950519 950569 950639 950689 
950809 950879 951001 951479 951649 951791 951911 951959 
952009 952129 952151 952199 952439 952559 952921 953039 
953041 953111 953399 953521 953639 953831 953881 953929 
954001 954599 954649 954671 954719 954911 955271 955319 
955391 955439 955441 955511 955729 955919 955991 956231 
956281 956399 956401 956521 956689 956759 956831 956881 
956929 956951 956999 957071 957119 957289 957361 957409 
957431 957599 957601 957721 957769 957889 957959 958319 
958369 958439 958679 958729 958871 958921 959159 959209 
959279 959351 959449 959471 959689 959759 959809 959831 
959879 960049 960119 960121 960191 960601 960889 960961 
961151 961319 961511 961679 961729 961871 961991 962041 
962161 962471 962569 963121 963191 963239 963241 963311 
963481 963601 963719 963839 963841 964009 964081 964151 
964199 964559 964609 964679 964871 964969 965089 965161 
965329 965399 965519 965639 965711 965759 966191 966241 
966409 966431 966481 966961 967129 967201 967319 967321 
967391 967441 967511 967751 967919 968041 968089 968111 
968159 968329 968519 968521 968761 968809 968831 968879 
969071 969239 969359 969431 969481 969599 969671 969719 
969721 969791 969889 970031 970201 970391 970561 970799 
971039 971111 971279 971281 971401 971569 971591 971639 
971759 971951 972001 972071 972119 972121 972409 972431 
972481 972599 972649 972721 973031 973081 973151 973321 
973439 973561 973631 973681 973801 973919 974089 974159 
974279 974329 974401 974591 974711 974761 974879 974999 
975049 975071 975551 975599 975649 975671 976009 976271 
976369 976439 976489 976559 976799 976849 976919 976991 
977209 977351 977521 977591 977761 977831 977881 978001 
978049 978071 978239 978359 978479 978599 978839 979009 
979031 979201 979439 979919 979921 979969 980159 980401 
980449 980471 980591 980641 980711 980831 980999 981049 
981241 981289 981311 981481 981599 981601 981769 981889 
981961 982151 982271 982321 982489 982559 982801 982871 
983209 983449 983519 983809 983881 983929 983951 984119 
984121 984241 984359 984481 984911 984959 985079 985129 
985151 985631 985679 985729 985799 985871 985921 985969 
985991 986281 986351 986471 986519 986569 986641 986759 
986929 987191 987361 987599 987911 988129 988199 988271 
988319 988321 988439 988489 988511 989231 989279 989641 
989761 989831 989929 989951 989999 990001 990169 990239 
990289 990359 990361 990529 990599 990719 990841 990889 
990961 991009 991031 991079 991129 991201 991511 991751 
991871 992111 992231 992281 992591 992809 993001 993049 
993169 993241 993431 993479 993481 993841 994199 994249 
994319 994321 994369 994391 994489 994559 994561 994751 
994871 994991 995329 995399 995471 995591 996001 996049 
996119 996169 996311 996409 996431 996529 996551 996599 
996649 996841 997081 997151 997201 997319 997369 997391 
997439 997511 997609 997681 997751 997991 998111 998161 
998399 998471 998689 998759 998831 998951 999049 999169 
999239 999359 999431 999599 999671 999721 999769 999959 
999961 1000081 1000151 1000199 1000249 1000609 1000679 1000849 
1000919 1000921 1000969 1001041 1001089 1001159 1001279 1001401 
1001569 1001639 1001809 1001831 1002049 1002121 1002191 1002241 
1002289 1002359 1002361 1002481 1002719 1002721 1002769 1003199 
1003201 1003369 1003609 1003631 1003679 1003729 1004089 1004161 
1004279 1004401 1004449 1004761 1005049 1005071 1005239 1005241 
1005359 1005481 1005551 1005911 1005959 1006151 1006249 1006391 
1006441 1006559 1006609 1006751 1006799 1006969 1006991 1007089 
1007161 1007231 1007401 1007519 1007711 1007759 1008001 1008239 
1008719 1008911 1009199 1009319 1009321 1009369 1009439 1009559 
1009609 1009991 1010329 1010519 1010759 1010809 1010881 1010929 
1011071 1011191 1011239 1011289 1011359 1011431 1011599 1011601 
1011649 1011671 1011719 1011889 1011961 1012009 1012031 1012079 
1012321 1012369 1012439 1012489 1012559 1012631 1012679 1012751 
1012919 1013041 1013279 1013329 1013399 1013401 1013471 1013569 
1013641 1013711 1013879 1014121 1014359 1014361 1014649 1014719 
1014721 1014889 1015009 1015199 1015369 1015559 1015561 1015871 
1015919 1015991 1016089 1016111 1016159 1016231 1016399 1016569 
1016641 1016689 1016879 1017119 1017311 1017361 1017479 1017481 
1017551 1017719 1017889 1017959 1018201 1018271 1018439 1018489 
1018559 1018679 1018729 1019209 1019281 1019329 1019351 1019399 
1019449 1019471 1019639 1020001 1020049 1020361 1020431 1020529 
1020599 1020839 1020841 1020959 1020961 1021129 1021199 1021271 
1021369 1021441 1021561 1021799 1021849 1021919 1022209 1022449 
1022519 1022591 1022639 1022689 1022761 1022929 1023289 1023311 
1023409 1023551 1023601 1023719 1023769 1023839 1024031 1024151 
1024249 1024319 1024321 1024391 1024511 1024559 1024609 1024729 
1024799 1024871 1024921 1025039 1025111 1025161 1025209 1025231 
1025279 1025281 1025351 1025641 1026119 1026359 1026479 1026481 
1026791 1026911 1027031 1027129 1027199 1027319 1027321 1027391 
1027679 1027751 1027799 1027969 1028089 1028231 1028329 1028471 
1028569 1028761 1028809 1028999 1029001 1029191 1029289 1029359 
1029409 1029481 1029601 1029839 1030031 1030369 1030439 1030441 
1030511 1030681 1030751 1030801 1030919 1031231 1031279 1031281 
1031399 1031521 1031759 1031761 1031809 1031831 1031999 1032049 
1032071 1032601 1032649 1032721 1032839 1032841 1032959 1032961 
1033079 1033271 1033369 1033441 1033489 1033559 1033631 1033679 
1033751 1033801 1034281 1034591 1034639 1034809 1034879 1034951 
1035191 1035241 1035409 1035479 1035599 1035649 1035791 1035959 
1036129 1036249 1036271 1036319 1036369 1036391 1036561 1036631 
1036681 1036729 1036751 1036799 1036921 1036991 1037041 1037089 
1037401 1037471 1037759 1037831 1037879 1037929 1038001 1038119 
1038311 1038409 1038599 1038671 1038721 1039081 1039321 1039631 
1039799 1039921 1040089 1040159 1040161 1040521 1040881 1040929 
1040951 1041119 1041121 1041169 1041239 1041241 1041289 1041311 
1041529 1041671 1041841 1041889 1041961 1042271 1042369 1042439 
1042609 1042631 1042681 1042799 1042849 1043089 1043111 1043209 
1043279 1043351 1043521 1043591 1043639 1043759 1043761 1043831 
1043951 1044289 1044409 1044479 1044529 1044839 1044889 1045081 
1045129 1045151 1045199 1045321 1045391 1045559 1045679 1045729 
1045799 1045801 1046329 1046351 1046399 1046449 1046519 1046641 
1046951 1046999 1047119 1047239 1047289 1047311 1047479 1047551 
1047649 1047671 1047721 1047841 1047961 1048009 1048129 1048391 
1048559 1048609 1048681 1048799 1048919 1048991 1049039 1049089 
1049471 1049519 1049569 1049639 1049809 1049999 1050191 1050239 
1050241 1050431 1050769 1050961 1051009 1051079 1051081 1051151 
1051319 1051559 1051849 1051991 1052039 1052111 1052231 1052279 
1052281 1052329 1052881 1053071 1053191 1053361 1053529 1053551 
1053769 1053959 1054199 1054201 1054321 1054369 1054439 1054441 
1054609 1054679 1055039 1055231 1055399 1055471 1055591 1055809 
1055881 1056049 1056071 1056169 1056241 1056311 1056361 1056479 
1056481 1056599 1056719 1056721 1056911 1056959 1057271 1057391 
1057489 1057561 1057631 1057681 1057919 1058041 1058329 1058591 
1058639 1058711 1058809 1058951 1058999 1059001 1059119 1059169 
1059479 1059599 1059671 1059769 1059889 1060009 1060151 1060201 
1060249 1060271 1060391 1060441 1060991 1061279 1061591 1061689 
1061759 1061831 1061881 1062001 1062121 1062169 1062311 1062361 
1062409 1062599 1062601 1062671 1062911 1063009 1063079 1063151 
1063201 1063319 1063441 1063561 1063849 1063871 1063919 1064159 
1064281 1064471 1064519 1064951 1065409 1065479 1065529 1065601 
1065791 1065839 1066031 1066319 1066511 1066561 1066729 1067159 
1067329 1067351 1067471 1067569 1067639 1067711 1067761 1067831 
1067879 1067951 1067999 1068191 1068241 1068311 1068409 1068481 
1068719 1068721 1068889 1069031 1069199 1069441 1069561 1069609 
1069631 1069751 1069919 1069921 1070039 1070231 1070471 1070569 
1070689 1070761 1071121 1071241 1071311 1071359 1071479 1071529 
1071601 1071671 1071841 1071911 1072009 1072129 1072199 1072439 
1072801 1072849 1072919 1072969 1072991 1073089 1073209 1073279 
1073351 1073399 1073521 1073711 1073879 1073881 1073951 1074001 
1074071 1074121 1074289 1074361 1074649 1074719 1074839 1074889 
1075079 1075201 1075391 1075441 1075489 1075561 1075729 1076039 
1076111 1076279 1076281 1076399 1076519 1076639 1076879 1077191 
1077289 1077311 1077599 1077719 1077721 1077841 1077911 1078009 
1078031 1078151 1078199 1078369 1078489 1078559 1078681 1078849 
1078919 1079329 1079399 1079471 1079569 1079711 1079809 1079831 
1079879 1079929 1079999 1080049 1080119 1080311 1080479 1080481 
1080649 1080791 1080841 1081079 1081441 1081631 1081679 1081681 
1081919 1082089 1082161 1082209 1082231 1082351 1082399 1082761 
1082881 1082999 1083119 1083191 1083241 1083289 1083311 1083409 
1083431 1083601 1083721 1083839 1083911 1084079 1084609 1084799 
1084871 1085111 1085159 1085351 1085521 1085809 1085881 1086119 
1086191 1086361 1086529 1086769 1086791 1087129 1087271 1087391 
1087561 1087631 1087679 1087729 1087799 1088039 1088089 1088159 
1088161 1088209 1088449 1088471 1088519 1088569 1088639 1088641 
1088831 1089191 1089239 1089359 1089481 1089551 1089841 1089961 
1090031 1090129 1090151 1090249 1090681 1090799 1090849 1090919 
1091159 1091161 1091329 1091399 1091401 1091471 1091521 1091591 
1091639 1091711 1091809 1092191 1092241 1092361 1092479 1092601 
1092911 1092961 1093129 1093199 1093201 1093249 1093679 1093681 
1093751 1093871 1093969 1093991 1094089 1094161 1094209 1094519 
1094689 1094711 1094759 1094809 1094831 1094881 1094999 1095049 
1095071 1095119 1095169 1095239 1095481 1095529 1095551 1095671 
1095719 1095791 1095839 1095841 1095959 1096031 1096079 1096201 
1096489 1096559 1096561 1096609 1096631 1096871 1096919 1096969 
1097039 1097111 1097209 1097351 1097711 1097879 1098121 1098191 
1098311 1098479 1098481 1098649 1098791 1099031 1099079 1099081 
1099199 1099249 1099369 1099391 1099489 1099559 1099729 1099799 
1100039 1100089 1100161 1100279 1100471 1100591 1100641 1100831 
1101071 1101169 1101409 1101431 1101649 1101671 1101839 1101959 
1102151 1102201 1102271 1102441 1102679 1102681 1102729 1102921 
1102991 1103041 1103111 1103279 1103281 1103449 1103519 1103591 
1103639 1104119 1104289 1104409 1104431 1104479 1104599 1104671 
1104791 1104889 1104959 1105009 1105201 1105271 1105441 1105609 
1105919 1106159 1106279 1106401 1106449 1106471 1106569 1106761 
1106881 1106999 1107049 1107409 1107479 1107791 1108201 1108321 
1108489 1108559 1108561 1108609 1108729 1108801 1109159 1109161 
1109231 1109281 1109351 1109399 1109401 1109639 1109881 1109951 
1110289 1110311 1110479 1110719 1110839 1110959 1111031 1111081 
1111151 1111489 1111559 1111801 1111921 1111991 1112159 1112351 
1112471 1112519 1112591 1112689 1112831 1113239 1113481 1113599 
1113719 1113961 1114031 1114249 1114271 1114489 1114681 1114849 
1114969 1115089 1115329 1115351 1115399 1115449 1115519 1115641 
1115711 1115759 1115831 1115879 1116001 1116289 1116431 1116601 
1116889 1116911 1117009 1117031 1117079 1117199 1117321 1117439 
1117489 1117609 1117679 1117681 1117729 1117799 1118041 1118519 
1118569 1118809 1118951 1119121 1119169 1119241 1119359 1119529 
1119959 1120081 1120271 1120319 1120321 1120369 1120391 1120799 
1120849 1120871 1120919 1120969 1121231 1121689 1121831 1122001 
1122241 1122431 1122481 1122529 1122551 1122599 1122721 1122841 
1123079 1123081 1123151 1123319 1123391 1123439 1123511 1123561 
1123631 1123729 1123919 1124041 1124351 1124449 1124639 1124759 
1124831 1124951 1125121 1125169 1125359 1125361 1125431 1125479 
1125529 1125599 1126031 1126201 1126319 1126439 1126441 1126561 
1126751 1126991 1127039 1127111 1127281 1127351 1127641 1127881 
1128289 1128599 1128601 1128719 1128769 1128889 1129391 1129439 
1129441 1129489 1129511 1129559 1129561 1129679 1129729 1129991 
1130039 1130281 1130351 1130471 1130639 1130641 1130711 1130809 
1130929 1130951 1131049 1131121 1131191 1131239 1131479 1131671 
1131721 1131769 1131839 1131959 1131961 1132199 1132249 1132321 
1132511 1132561 1132679 1132919 1132991 1133039 1133159 1133519 
1133591 1133641 1133689 1133809 1134071 1134169 1134239 1134241 
1134311 1134479 1134481 1134649 1134719 1134769 1134841 1134961 
1135009 1135081 1135129 1135201 1135439 1135751 1135919 1136041 
1136089 1136111 1136231 1136329 1136449 1136809 1136831 1136951 
1136999 1137001 1137289 1137481 1137529 1137551 1137889 1137911 
1137959 1138369 1138391 1138441 1138559 1138679 1138681 1138729 
1138751 1138849 1138919 1139041 1139329 1139471 1139519 1139521 
1139951 1140239 1140289 1140311 1140431 1140721 1140911 1140959 
1141009 1141031 1141081 1141271 1141319 1141321 1141391 1141631 
1141801 1141849 1141871 1141969 1142039 1142041 1142159 1142161 
1142279 1142569 1142759 1142809 1142881 1142929 1143049 1143071 
1143239 1143481 1143529 1143551 1143601 1143719 1143959 1144249 
1144271 1144439 1144441 1144511 1144681 1144919 1145281 1145689 
1145831 1145999 1146049 1146071 1146529 1146671 1146791 1146841 
1146911 1147009 1147271 1147511 1147561 1147921 1147969 1148039 
1148089 1148111 1148761 1148879 1148999 1149191 1149361 1149409 
1149601 1149769 1150031 1150199 1150249 1150511 1150561 1150609 
1150631 1150729 1150871 1150921 1151089 1151159 1151209 1151399 
1151401 1151471 1151519 1151569 1151639 1151879 1151881 1151999 
1152071 1152119 1152121 1152649 1152791 1152841 1153199 1153249 
1153441 1153511 1153681 1153729 1153751 1153799 1153849 1153871 
1154039 1154159 1154401 1154449 1154639 1155001 1155071 1155169 
1155239 1155311 1155431 1155529 1155601 1155961 1156009 1156031 
1156079 1156151 1156249 1156271 1156369 1156681 1156751 1156849 
1157111 1157159 1157209 1157279 1157591 1157641 1157711 1157759 
1157831 1158071 1158121 1158361 1158481 1158551 1158719 1158841 
1158961 1159031 1159079 1159199 1159201 1159271 1159489 1159919 
1160039 1160041 1160111 1160279 1160351 1160449 1160519 1160569 
1160639 1160689 1161001 1161169 1161239 1161241 1161289 1161481 
1161529 1161551 1161599 1161791 1161841 1162009 1162079 1162081 
1162129 1162321 1162559 1162631 1162729 1162751 1162969 1162991 
1163039 1163111 1163159 1163231 1163329 1163641 1163689 1163711 
1163759 1163831 1163879 1164001 1164071 1164409 1164431 1164479 
1164599 1164671 1164791 1164841 1165079 1165081 1165201 1165511 
1165751 1165799 1165849 1165919 1165921 1165991 1166041 1166089 
1166329 1166639 1167289 1167359 1167409 1167599 1167791 1167839 
1167841 1167889 1168031 1168151 1168319 1168751 1168799 1168919 
1168969 1169281 1169401 1169449 1169521 1169591 1169759 1169761 
1169809 1169879 1169929 1170049 1170119 1170311 1170361 1170599 
1170649 1170721 1171031 1171199 1171201 1171319 1171561 1171921 
1171969 1171991 1172111 1172279 1172351 1172401 1172929 1173001 
1173121 1173191 1173239 1173481 1173841 1173959 1173961 1174031 
1174079 1174319 1174441 1174489 1174801 1174919 1174969 1175039 
1175351 1175521 1175591 1175711 1176191 1176239 1176361 1176529 
1176599 1176671 1176911 1177201 1177489 1177609 1177681 1177751 
1177801 1177919 1177921 1178039 1178041 1178159 1178161 1178231 
1178521 1178591 1178689 1178711 1178809 1179289 1179551 1179599 
1179649 1179839 1179961 1180009 1180031 1180369 1180391 1180631 
1180799 1180849 1181039 1181209 1181281 1181329 1181471 1181519 
1181759 1181879 1181881 1182121 1182289 1182431 1182479 1182791 
1182889 1183031 1183079 1183151 1183199 1183201 1183271 1183729 
1183799 1183969 1184399 1184471 1184759 1184881 1185071 1185241 
1185361 1185551 1185601 1185671 1185791 1186079 1186321 1186439 
1186441 1186489 1186631 1186751 1187089 1187111 1187159 1187279 
1187471 1187639 1187689 1187761 1187999 1188001 1188049 1188071 
1188169 1188289 1188359 1188361 1188409 1188529 1188721 1188769 
1188839 1189151 1189271 1189631 1189751 1189801 1189871 1189919 
1190041 1190159 1190279 1190591 1190639 1190809 1190831 1190929 
1190951 1191119 1191191 1191431 1191481 1191529 1191551 1191601 
1191719 1192151 1192199 1192201 1192271 1192369 1192391 1192559 
1192679 1193161 1193209 1193329 1193351 1193399 1193711 1193761 
1194241 1194311 1194601 1194671 1194769 1194889 1194959 1195031 
1195489 1195561 1195679 1195681 1195751 1195801 1195849 1195919 
1195991 1196231 1196281 1196399 1196401 1196471 1196519 1196521 
1196809 1196999 1197121 1197239 1197289 1197359 1197409 1197479 
1197649 1198081 1198151 1198201 1198321 1198511 1198609 1198679 
1198751 1198849 1198991 1199039 1199089 1199351 1199521 1199591 
1199689 1199711 1199879 1199929 1199999 1200191 1200359 1200839 
1200959 1201201 1201439 1201489 1201559 1201729 1201919 1201969 
1202041 1202231 1202471 1202569 1202689 1203121 1203359 1203361 
1203791 1203841 1203959 1204271 1204369 1204729 1204871 1205089 
1205159 1205231 1205471 1205639 1205951 1205999 1206071 1206169 
1206479 1206529 1206721 1206769 1206791 1206841 1207079 1207249 
1207319 1207439 1207441 1207489 1207511 1207681 1207751 1207919 
1208089 1208159 1208209 1208279 1208399 1208569 1208591 1208689 
1209191 1209239 1209311 1209671 1209841 1209889 1209959 1210151 
1210369 1210439 1210441 1210609 1210631 1210799 1210801 1210871 
1211039 1211279 1211281 1211689 1211761 1211999 1212119 1212191 
1212241 1212479 1212551 1212649 1212671 1212719 1212769 1212839 
1212889 1213081 1213129 1213151 1213271 1213439 1213561 1213631 
1213801 1213921 1214039 1214159 1214401 1214471 1214519 1214639 
1214641 1214711 1215121 1215239 1215311 1215359 1215649 1215719 
1215769 1215839 1216009 1216151 1216249 1216441 1216489 1216559 
1216561 1216681 1216729 1216751 1216799 1216849 1216871 1217089 
1217329 1217351 1217399 1217471 1217521 1217759 1217831 1218121 
1218601 1218649 1218911 1219081 1219129 1219271 1219489 1219679 
1219849 1219871 1219919 1219991 1220041 1220591 1220711 1220761 
1221049 1221119 1221239 1221289 1221601 1221791 1221959 1222129 
1222271 1222679 1222681 1222729 1222751 1222801 1223039 1223161 
1223231 1223279 1223281 1223329 1223351 1223449 1223471 1223569 
1223591 1223689 1223879 1224121 1224169 1224239 1224479 1224529 
1224599 1224889 1225009 1225079 1225129 1225319 1225559 1225729 
1225849 1225871 1225919 1226041 1226111 1226209 1226471 1226711 
1226831 1227241 1227431 1227649 1227719 1227769 1227841 1227911 
1228009 1228391 1228441 1228489 1228631 1228679 1228849 1228919 
1229159 1229209 1229279 1229329 1229351 1229519 1229521 1229999 
1230071 1230169 1230241 1230311 1230479 1230529 1230599 1230769 
1230791 1231129 1231199 1231201 1231319 1231511 1231631 1231799 
1232089 1232351 1232689 1232809 1232831 1232879 1232999 1233121 
1233241 1233409 1233431 1233599 1233721 1234271 1234391 1234439 
1234511 1234799 1234969 1234991 1235041 1235159 1235281 1235449 
1235711 1235761 1235831 1235879 1235929 1235999 1236239 1236479 
1236481 1236769 1236791 1236959 1237031 1237079 1237129 1237151 
1237199 1237441 1237849 1237919 1238089 1238449 1238521 1238759 
1238999 1239001 1239191 1239239 1239311 1239361 1239481 1239529 
1239551 1239599 1239671 1239839 1239911 1240009 1240081 1240199 
1240271 1240319 1240391 1240511 1240559 1240751 1240991 1241039 
1241159 1241161 1241351 1241761 1241879 1241951 1242001 1242119 
1242121 1242169 1242191 1242289 1242359 1242361 1242841 1242959 
1243271 1243369 1243391 1243439 1243511 1243559 1243609 1243631 
1243969 1244039 1244041 1244279 1244401 1244471 1244521 1244591 
1244759 1244879 1245001 1245121 1245169 1245191 1245479 1245529 
1245551 1245649 1245719 1245721 1245791 1245961 1246081 1246199 
1246249 1246319 1246369 1246561 1246631 1246919 1247089 1247209 
1247231 1247329 1247401 1247569 1247591 1247759 1247761 1247879 
1247951 1248001 1248119 1248239 1248241 1248551 1248671 1249151 
1249201 1249319 1249321 1249489 1249511 1249559 1249631 1249681 
1249799 1249849 1250281 1250351 1250449 1250471 1250519 1250521 
1250761 1250831 1250929 1251071 1251121 1251409 1251431 1251529 
1251671 1251791 1251911 1251961 1252079 1252129 1252151 1252201 
1252439 1252609 1252631 1252681 1252729 1252751 1252799 1252921 
1252991 1253089 1253111 1253279 1253401 1253471 1253519 1253521 
1253591 1253689 1253761 1253831 1253951 1253999 1254049 1254119 
1254241 1254479 1254791 1254839 1254959 1255081 1255129 1255201 
1255249 1255391 1255559 1255609 1255679 1255799 1256041 1256161 
1256209 1256231 1256279 1256449 1256711 1257049 1257071 1257119 
1257239 1257241 1257359 1257409 1257719 1257721 1257911 1257959 
1258079 1258151 1258319 1258441 1258511 1258559 1258681 1258871 
1259039 1259231 1259329 1259639 1259689 1259759 1260121 1260169 
1260191 1260359 1260361 1260481 1260551 1260599 1260719 1260769 
1260841 1260911 1261079 1261081 1261199 1261321 1261801 1261969 
1262231 1262281 1262519 1262711 1262881 1263071 1263191 1263239 
1263599 1263961 1264009 1264129 1264199 1264271 1264559 1264561 
1264801 1264969 1265041 1265111 1265279 1265281 1265449 1265471 
1265519 1265521 1265639 1266191 1266241 1266359 1266409 1266431 
1266719 1266841 1267009 1267151 1267199 1267681 1268039 1268279 
1268759 1268881 1268929 1269001 1269049 1269119 1269239 1269241 
1269311 1269529 1269911 1270079 1270151 1270201 1270249 1270271 
1270319 1270391 1270559 1270561 1270609 1270679 1270849 1271089 
1271111 1271161 1271351 1271399 1271401 1271449 1271471 1271521 
1271929 1271999 1272001 1272049 1272071 1272169 1272191 1272289 
1272409 1273199 1273609 1273681 1273729 1273919 1274041 1274089 
1274111 1274401 1274759 1274879 1274929 1275121 1275359 1275361 
1275601 1275719 1275839 1275889 1276031 1276129 1276271 1276441 
1276511 1276631 1276679 1276871 1276969 1277039 1277209 1277449 
1277569 1277761 1277879 1278191 1278289 1278479 1278481 1278551 
1278601 1278671 1278721 1278839 1278911 1279081 1279249 1279319 
1279321 1279511 1279561 1279609 1279679 1279801 1279871 1279919 
1279921 1280159 1280161 1280231 1280281 1280399 1280519 1280759 
1280761 1281431 1281551 1281649 1281961 1282009 1282031 1282079 
1282081 1282201 1282511 1282751 1282969 1283111 1283159 1283591 
1283759 1283831 1283879 1283881 1284169 1284551 1284601 1284769 
1284791 1284841 1284889 1285199 1285441 1285511 1285679 1285799 
1285871 1285969 1286039 1286209 1286399 1286521 1286569 1286641 
1286711 1286881 1287071 1287239 1287289 1287361 1287431 1287479 
1287551 1287841 1287961 1288009 1288439 1288559 1288799 1288849 
1288871 1288919 1288921 1289039 1289111 1289159 1289231 1289329 
1289711 1289831 1289881 1290169 1290431 1290551 1290649 1290719 
1290791 1291079 1291249 1291271 1291321 1291369 1291391 1291489 
1291799 1291991 1292089 1292281 1292329 1292591 1292639 1292831 
1292999 1293001 1293119 1293169 1293239 1293529 1293791 1293839 
1293961 1294031 1294081 1294129 1294199 1294201 1294369 1294609 
1294729 1294849 1295159 1295279 1295639 1295711 1295761 1295809 
1295881 1296409 1296481 1296551 1296601 1296649 1296839 1297129 
1297201 1297249 1297271 1297561 1297631 1297799 1298039 1298111 
1298279 1298329 1298351 1298641 1298809 1298831 1298951 1299169 
1299289 1299359 1299601 