643 997 1597 2287 4513 5113 5197 6079 
6091 6271 8011 8191 8779 9439 9973 11113 
11551 12007 12343 12799 12973 14197 14407 15679 
15973 18307 19087 19531 19777 19843 20959 21283 
21787 21997 22777 24007 24373 24421 24469 24571 
25261 25981 26083 26701 27109 28789 28807 29179 
29629 29683 29803 31039 31177 31189 32971 34303 
34501 34513 35617 35803 36217 36343 36583 37507 
38113 38287 38461 39199 39217 39373 40429 41467 
42187 42667 43711 44017 44491 47653 49003 49339 
50221 50587 50773 51853 51871 51907 52189 52861 
54679 54973 55351 56197 56611 59113 62071 62233 
62743 63901 63913 64279 65617 67219 67579 67843 
68821 69403 70051 70327 70627 71059 71233 71389 
72727 73141 74719 75577 75991 76579 76597 76831 
77017 77167 77899 78643 79357 81421 81853 82183 
82231 83233 86287 89653 90019 90217 91381 91957 
92311 92623 93967 93997 95479 95773 96661 97003 
98491 99823 102199 102643 103567 104233 104623 104851 
105751 106669 107323 107563 108007 108499 109357 109663 
114901 115783 116113 117163 117787 118549 119191 120319 
121021 122743 123127 125791 126499 127507 128629 128659 
130147 131959 132541 132763 133447 134947 135283 136471 
137119 137143 137827 137869 138547 138571 139939 140593 
141637 142183 142993 143263 143467 144709 145879 147163 
147451 148147 148627 148957 149197 150223 151903 151939 
152899 153271 153319 153991 154579 154621 155593 155719 
156307 156619 157351 158359 159739 159853 160243 160711 
161017 162691 163567 163993 164419 164893 165331 165799 
166303 166429 169831 170371 171757 171823 173191 173293 
173779 174763 175621 177493 177967 180007 180799 181459 
182047 182839 182851 183823 184999 185467 186709 187171 
187219 189949 190537 191047 191137 194431 194869 195193 
195787 196051 196171 196177 198997 199399 202747 203323 
204583 205507 205963 206047 206779 207127 207997 208519 
209263 209563 210193 210913 211789 213079 213247 214363 
215617 217411 218749 218989 221101 221509 223087 223507 
223963 224629 224737 225859 226621 228859 228901 229309 
229399 229837 229963 230047 230149 230227 232861 233341 
233923 236737 237859 238423 239893 241177 243031 243973 
244147 244219 244261 244291 244747 245269 245593 245653 
246739 250057 250423 250741 250777 250837 251857 252193 
252667 253741 255127 255181 256057 257263 257293 257857 
259123 259459 259783 260791 262111 263827 264139 265381 
266137 266863 267541 269527 269623 269683 270217 270229 
270271 270577 271027 272989 273193 273253 274627 275263 
276781 277309 278611 279709 280933 281167 281251 281527 
281923 282307 283159 284227 284749 285421 285757 285781 
286999 288931 289099 289837 290083 290113 291751 292807 
292819 295429 295993 296137 297691 297931 298159 298237 
300463 300691 301039 301123 301933 302221 302299 303151 
304357 304687 304933 305419 306139 306511 306763 308101 
308491 308857 310711 311533 314059 314407 314953 315421 
315631 316153 316819 317839 319057 320293 321547 321619 
322999 323509 324637 324931 325231 326863 326941 327127 
327133 327433 327823 328063 328651 331651 332767 333019 
333283 333757 334513 334549 334777 335857 335953 336643 
339067 339373 340111 340933 340939 341269 343237 343309 
344653 344893 347131 347239 348307 348433 348763 349471 
349567 351133 351517 352267 352579 352837 353389 353917 
354667 354979 354997 356023 356533 357211 357229 357829 
357913 360007 362191 362293 363211 366517 366853 366997 
367027 368647 369703 369913 370003 370021 370423 370891 
372637 372667 372751 374287 374953 375757 376003 377563 
378253 379501 381859 382939 383101 384151 385153 385291 
385501 385531 386131 386587 388879 389167 389269 390223 
390553 394993 397057 397951 397963 399493 400069 401017 
401029 401953 403951 404197 404461 405499 405703 406117 
406177 407899 409027 409891 410983 411067 411421 411919 
413167 413653 414019 414949 415963 416011 416071 418423 
419491 420811 422101 424339 424687 425839 426193 428083 
428551 428677 429277 429283 431047 431671 432727 433099 
434407 435181 436993 437677 438253 438661 439171 440953 
441319 441877 442147 442327 443563 443917 444463 445537 
448003 448141 449677 450493 451903 453133 453703 454627 
455167 455263 455737 456517 458047 458791 460891 461011 
461407 462643 464587 465433 469411 470473 470593 470731 
471073 471673 472123 472399 474307 474499 474541 474907 
475759 476647 476737 477229 477973 478207 479263 479419 
479473 479821 483523 484117 484777 485263 485959 487933 
491773 492103 493231 493279 493993 494191 495211 495571 
497323 497551 497851 498577 499021 499117 499819 500911 
501691 502339 503791 503857 504619 504727 506533 507757 
508237 508951 509221 509737 510031 514057 514831 515677 
515701 516673 516907 518017 518509 520837 520957 521137 
521539 521659 523213 523759 524149 524509 525199 525247 
526159 526777 527419 529513 529603 529813 529999 530251 
530293 530653 530983 531331 532669 534511 535669 536023 
536059 536311 537703 538147 540877 541711 542251 542461 
543187 544807 544813 545527 545899 547957 548719 549247 
552583 552883 553687 554503 554677 554893 555739 556261 
556537 556639 557611 558661 558913 560227 560617 560719 
561097 562591 562831 562897 564097 567097 567493 571579 
572251 573253 573871 573967 575959 576787 580639 581137 
583279 583543 584659 584677 584971 585043 585577 586837 
586939 587149 587833 588667 589507 590119 593143 593293 
593707 594469 595087 597349 598099 600877 601897 602083 
605239 606493 606811 606829 607003 607213 607549 607669 
607861 608029 608851 609043 609277 609307 609373 609709 
611263 611791 611953 612583 612589 612727 613741 614179 
615187 615661 616117 616909 616999 617233 618031 618547 
619537 619543 619603 619813 619897 620239 620623 620731 
620887 624469 624859 624973 629383 629701 631843 632647 
633757 633967 634261 635389 635617 636061 636343 637309 
638371 639547 640261 642673 642907 644143 645739 646267 
646309 646897 647293 647917 648709 648997 649279 649981 
650479 651043 651181 651193 651913 653503 656023 659941 
660097 662491 662833 663127 663589 663853 664621 665131 
665419 668509 668671 670297 671533 671851 672043 672097 
672103 672643 673549 674227 676051 676147 677029 677473 
677857 678883 679741 680431 680443 680623 680767 681067 
684559 685051 687637 689383 689551 689869 689893 691297 
692059 692779 693097 693421 693571 693877 694327 694957 
696181 696379 699217 699631 701629 702439 704719 705973 
706003 708229 708583 709231 710443 711829 712909 713467 
714991 716137 716143 716917 717271 718303 718411 721213 
721381 721687 723133 723799 724747 725149 726331 727297 
727843 729301 729577 729613 732097 732217 733651 734443 
735139 735271 735331 735391 735571 735673 735751 735919 
736111 736381 736951 737263 738211 738811 738919 739171 
739699 739813 741709 741787 745141 746899 747619 748387 
749197 750097 750133 750613 751141 751909 753031 754003 
754627 754651 755239 756673 756919 758179 759433 760537 
761869 764893 765109 766273 766531 766651 766687 768199 
768301 768343 768613 768727 768751 768931 769003 769273 
769297 770047 771019 771073 773491 773779 774643 775273 
776233 776887 779413 779563 780583 780667 781519 781567 
782311 782941 784153 784213 785839 786151 786307 787993 
789673 789829 791137 794407 795079 795097 796063 799507 
800143 800221 801247 801607 803749 803857 803989 804007 
804073 804619 804913 805297 806737 807187 809101 809827 
810151 810223 811123 812359 812431 813097 813199 814213 
814699 817147 817273 818959 819487 820117 821551 821677 
821851 821869 822667 822691 826153 826477 826957 827461 
827833 830677 832003 834151 836131 837673 838069 842407 
842587 843643 845983 846949 847549 848383 850387 850933 
851677 853843 854017 854479 856813 856897 857107 858307 
859477 859513 859603 861079 861493 861739 862117 862123 
862783 863179 863509 864211 864613 865057 865483 866083 
866119 866581 866653 867259 867487 867571 871177 871531 
872143 875803 876229 878113 879097 880813 881029 881191 
881233 881533 881983 882697 883237 885607 885883 885919 
885943 886189 891061 891907 893479 895507 897133 897877 
898291 898327 898483 899263 899473 904303 904627 904759 
905299 905803 905917 905923 906613 909217 911101 911707 
912007 913309 913483 915613 917179 918259 920011 922423 
924283 925039 928111 928933 929983 931153 931543 932587 
934117 934543 935113 939973 940879 940993 941383 942901 
943213 943477 943567 945811 947203 947389 947539 949051 
950497 952957 953149 953473 954097 954277 956083 959149 
959389 962503 962587 962671 963097 963559 965677 967843 
970303 970867 970939 971029 971197 973813 976117 978853 
978973 981091 982603 982741 982783 987079 987127 987697 
989803 990511 990589 993367 993703 993913 994813 994933 
995593 996187 996571 997057 997219 997273 998077 998353 
998917 999553 1000303 1001107 1001467 1002553 1003141 1003351 
1004317 1005217 1005661 1005883 1007599 1009537 1009651 1010407 
1012147 1014193 1014457 1018309 1018987 1018999 1019353 1022059 
1024477 1025413 1025623 1026679 1027459 1028953 1029277 1029403 
1030039 1030219 1030411 1030831 1031047 1031299 1032007 1032067 
1032151 1032433 1032463 1032583 1034071 1034419 1035379 1037653 
1041349 1041553 1041559 1041643 1041991 1042381 1042399 1042897 
1043011 1044877 1048063 1048123 1048273 1048837 1049857 1050391 
1051639 1052269 1053571 1055167 1057579 1057699 1057741 1058059 
1058179 1058503 1059073 1059733 1060567 1060747 1061143 1061623 
1063087 1064311 1064737 1065091 1065217 1065733 1065829 1066867 
1066987 1068559 1068757 1069639 1069687 1071193 1072471 1074133 
1075231 1077751 1078471 1079647 1080553 1080943 1081741 1082317 
1082533 1083319 1084981 1086931 1087543 1087963 1089103 1089133 
1090303 1090927 1091191 1092103 1092433 1092733 1092997 1093327 
1095319 1095727 1097359 1099117 1099669 1099933 1100773 1101283 
1101967 1102537 1103107 1104079 1104379 1104739 1106317 1107553 
1107727 1107823 1108867 1108957 1110181 1110427 1112779 1112833 
1113019 1113997 1114891 1119091 1121539 1121707 1121737 1122139 
1125907 1127263 1127857 1128553 1128577 1128901 1129459 1129897 
1130359 1130413 1130827 1132567 1133071 1134673 1135279 1137547 
1137613 1138171 1139227 1139911 1140439 1142431 1142677 1143283 
1144657 1144939 1145143 1145533 1146391 1147759 1148647 1150579 
1152391 1152979 1154233 1155151 1156807 1158427 1158523 1159423 
1160179 1161703 1162099 1162789 1165273 1168039 1168501 1169023 
1169323 1170031 1170193 1170553 1171477 1174423 1174603 1175953 
1176787 1177147 1177219 1178197 1180057 1180537 1180549 1181911 
1182283 1182697 1183477 1184299 1184473 1185103 1185367 1185823 
1186621 1188763 1189891 1190701 1190821 1191031 1191061 1191613 
1192069 1192549 1192909 1194421 1194493 1195189 1195741 1196029 
1196359 1198621 1198861 1199257 1200007 1200109 1200583 1201309 
1204363 1205527 1206703 1207291 1209469 1210021 1211179 1212187 
1212709 1213327 1213939 1214533 1215349 1215439 1216711 1216759 
1217269 1217833 1218949 1220953 1221391 1221907 1222279 1223119 
1224709 1224913 1224943 1225117 1225591 1225687 1227181 1227379 
1227463 1227949 1229257 1229311 1229731 1229773 1230301 1230637 
1233181 1233523 1235167 1236073 1236439 1237063 1238407 1241407 
1241971 1243141 1244197 1244989 1246351 1246477 1248781 1249657 
1251907 1252063 1253023 1253251 1253701 1256533 1256587 1258927 
1259287 1259677 1259737 1262917 1264819 1267429 1269871 1270933 
1271239 1272043 1272343 1272937 1273567 1274989 1275823 1276771 
1277071 1277863 1277911 1278217 1279087 1279507 1279657 1279813 
1280101 1280737 1281541 1281739 1282117 1284427 1284739 1285429 
1285789 1287499 1287739 1288117 1288603 1290853 1291219 1292113 
1292353 1292563 1294999 1295263 1295347 1296571 1296583 1296973 
1297447 1298221 1299457 