14401 14449 14929 15241 15361 16249 17209 18121 
19441 20641 25849 30529 32089 33721 34849 37201 
42961 46441 47161 49369 54001 57601 57649 58129 
58441 58921 59809 62929 63241 64489 65521 65881 
65929 67801 68209 69481 72481 74761 75289 76369 
78049 79801 80449 86161 91129 92569 94849 96769 
98809 101281 102121 103801 106441 111121 121609 129769 
130969 131041 131449 132001 132049 133321 134089 135841 
139801 139969 141121 141481 142369 143281 144241 147289 
148201 148921 151849 152041 153529 155521 155569 157489 
158161 161641 164569 166081 166849 168409 170809 171169 
174121 176809 182209 184969 187921 192601 195241 198769 
199729 201889 207121 210481 211969 220009 223849 224881 
227569 230089 230449 230761 230929 231241 232081 232801 
233161 233881 234121 234361 235441 236641 238681 239929 
244561 245881 247249 248089 248569 249721 254209 255049 
259201 260329 263401 264289 266449 267649 269209 270121 
271729 271969 275521 280129 280921 282481 285841 288481 
294241 297481 298681 299569 300649 304609 307129 310489 
313921 315361 316681 317089 318001 320209 324889 325849 
326881 331369 332161 338161 338449 347329 350281 350809 
352201 353329 355009 359041 360049 360169 360289 361321 
363481 365089 365929 367849 369409 370081 370609 372769 
374041 374641 376609 378601 382801 383281 386569 388009 
390721 392809 394969 395089 399601 401209 402529 403681 
408841 409441 409729 412561 421009 423001 427081 427849 
428809 430921 433201 433369 436729 438961 439849 440761 
446569 450361 450601 455761 459841 462529 467329 468241 
469561 471481 474169 475441 477409 478801 480409 481249 
481801 483409 484609 488401 494521 497689 500209 501841 
502921 503929 506689 510529 512761 515929 517609 517729 
518521 518689 518761 519769 520609 520921 521881 522409 
523729 525649 526681 527281 527809 531169 532561 534241 
534529 537169 537241 541201 546289 546961 547369 548761 
549001 550441 550801 551689 551809 553369 556441 557449 
560281 563401 563881 565489 566521 567961 570841 572521 
574489 574969 575401 578401 582409 586129 590641 591601 
591841 594889 595129 596569 597169 597361 598489 602689 
604249 607081 612649 613009 621241 622729 627961 628561 
629449 634681 636721 637729 643849 644089 645889 648961 
656809 657529 660529 663601 663961 664441 666889 667321 
667561 676009 680809 686041 688729 688969 691729 692929 
693601 693961 695641 696889 704161 704569 706561 706921 
709321 710089 710641 710929 711121 711649 712489 715801 
718321 718801 720241 720961 724609 727249 732169 732769 
733321 733489 736441 737641 743161 745201 747841 748849 
755329 758449 758929 761521 762721 764809 765409 766609 
770881 773569 776521 779521 781801 782329 783529 784081 
784561 789121 791929 792049 794089 803449 804889 806929 
809521 809929 811081 812761 813529 816841 818689 823489 
826201 826729 827929 828649 834721 835369 836881 840289 
844321 844369 845809 847009 847729 847969 851401 852289 
856081 858961 859249 859849 864049 865321 865609 865801 
868369 868801 871249 875209 880249 884881 899881 903649 
904441 906121 909289 909529 914041 914449 916561 917641 
919969 920641 921001 921601 922561 923449 924361 925081 
927529 927841 929281 929881 931849 932209 935761 937009 
937681 938761 939121 940369 940921 942049 942169 943081 
943801 946249 948169 950161 951361 952681 954409 956569 
957241 958609 958849 961201 968641 968689 970441 973129 
974041 974161 980689 983329 988681 988849 992521 992689 
993121 993961 995881 998281 998329 999529 1004209 1009201 
1011001 1012201 1015081 1016401 1017721 1021081 1025929 1027489 
1029361 1030201 1031161 1037329 1038529 1038601 1039249 1039681 
1043401 1049281 1050169 1055689 1057249 1060321 1061569 1063609 
1063729 1063921 1063969 1064521 1064689 1069129 1075681 1081369 
1087249 1094449 1095961 1100041 1100569 1102249 1104769 1106689 
1107721 1108369 1109761 1112569 1114801 1115929 1119649 1124209 
1125001 1127209 1132009 1132969 1135969 1144081 1145329 1147249 
1150081 1150489 1151041 1153609 1153921 1155841 1158529 1158769 
1165729 1166401 1166569 1166929 1167241 1168249 1172329 1174681 
1176121 1176601 1177009 1177129 1178641 1183561 1184329 1185721 
1185889 1188601 1188841 1191409 1192561 1192969 1193041 1196089 
1196329 1199329 1200361 1200889 1202329 1202881 1204561 1204681 
1204969 1208521 1209121 1210921 1212121 1214281 1217809 1220689 
1222561 1224481 1229401 1232401 1235569 1238761 1242601 1242889 
1246489 1247641 1247881 1248721 1249921 1251721 1254529 1255801 
1256809 1259569 1261489 1263121 1269601 1273561 1274209 1277041 
1279969 1280401 1283521 1285129 1288201 1290049 1291009 1293361 
1293841 1294561 1295089 1296721 1297369 1298161 