6581 11251 16111 16811 21061 30091 38861 50671 
52711 57571 67651 71861 77101 77801 82021 101921 
106331 120391 126491 142501 145601 151241 155861 165941 
180511 182921 188861 201101 203051 224221 241981 251051 
251081 287921 301211 303491 307891 347671 352601 354371 
355331 360461 361901 391021 398941 403901 418771 424471 
440101 454331 468821 490481 493291 511171 512921 518341 
524921 527441 536441 548861 567401 570781 584081 584621 
592261 599741 611441 612341 620461 624521 634301 638621 
658211 660181 661951 665801 671651 674321 689921 708061 
720101 721141 722791 746101 746411 747451 761051 761861 
773251 802811 819491 844421 845981 872251 885091 887441 
894581 898421 914491 937481 951061 982381 1000121 1036411 
1121671 1130981 1149881 1156591 1157531 1170061 1177651 1222831 
1231831 1252021 1261901 1265611 1267121 1279211 1287691 1295081 
1299211 