97369 97561 97729 98041 99409 102241 104089 113329 
123121 132169 144289 158209 160201 163249 170641 176161 
186601 191449 197689 205441 213481 214849 239329 240841 
243889 272761 274441 298801 306049 311569 344209 346201 
374929 381289 389089 389161 389761 391009 392281 394129 
394729 399409 400249 400681 411001 414721 423769 428401 
430009 434761 435889 437641 440329 443089 444121 446881 
454849 455881 458401 465529 465649 468889 470521 486769 
495361 497041 498361 519121 523489 526441 527929 531481 
535489 540121 547441 550129 558241 559369 581521 585049 
597049 625969 635809 640369 649921 660241 661201 666529 
679369 681481 688561 692401 694609 712561 714841 722881 
754921 762121 764689 771961 781129 794569 807409 814609 
815209 833689 847129 863521 875089 875761 876481 877609 
880729 883969 887569 888961 891481 897601 907561 918481 
923641 924529 931921 938089 949129 957169 960649 965401 
969049 970969 971521 976561 992449 995641 996601 1005409 
1016881 1016929 1017649 1040449 1042081 1052041 1057129 1076401 
1104241 1127809 1135921 1147441 1157929 1160161 1175569 1186249 
1191769 1197601 1212361 1229689 1233361 1248529 1251841 1257961 
1262929 1270441 1272961 1278769 1288249 1289401 