[2251, 11251]    True    [1, 1, 0, 1]
[3863, 50207]    True    [0, 0, 1, 0]
[4027, 68443]    True    [1, 1, 1, 1]
[4111, 119191]    True    [0, 1, 0, 1]
[8293, 24877]    True    [2, 1, 2, 2]
[10399, 51991]    True    [0, 1, 0, 1]
[12391, 161071]    True    [0, 1, 0, 1]
[14011, 70051]    True    [1, 1, 0, 1]
[17539, 87691]    True    [1, 1, 0, 1]
[20231, 34511]    True    [0, 0, 0, 1]
[22051, 110251]    True    [1, 1, 0, 1]
[34651, 110251]    True    [1, 1, 0, 1]
[37159, 50671]    True    [0, 1, 0, 0]
[37571, 72251]    True    [1, 0, 0, 1]
[45497, 318473]    True    [2, 3, 3, 2]
[47251, 110251]    True    [1, 1, 0, 1]
[49603, 1636867]    True    [1, 1, 1, 1]
[52711, 474391]    True    [0, 1, 0, 1]
[53773, 699037]    True    [2, 1, 2, 2]
[59119, 295591]    True    [0, 1, 0, 1]
[65381, 457661]    True    [2, 2, 0, 0]
[73291, 1832251]    True    [1, 1, 0, 1]
[76651, 12034051]    True    [1, 1, 0, 1]
[78079, 390391]    True    [0, 1, 0, 1]
[79901, 2956301]    True    [2, 2, 0, 2]
[86311, 119191]    True    [0, 1, 0, 1]
[87679, 438391]    True    [0, 1, 0, 1]
[93701, 5715701]    True    [2, 2, 1, 2]
[94291, 471451]    True    [1, 1, 0, 1]
[97651, 110251]    True    [1, 1, 0, 1]
[111253, 333757]    True    [2, 0, 2, 1]
[114973, 344917]    True    [2, 0, 2, 2]
[115429, 1731421]    True    [2, 0, 0, 2]
[115831, 270271]    True    [0, 1, 0, 1]
[116131, 647011]    True    [1, 1, 0, 1]
[116731, 583651]    True    [1, 1, 0, 0]
[117973, 353917]    True    [2, 1, 2, 1]
[125053, 375157]    True    [2, 1, 2, 2]
[125221, 1377421]    True    [2, 1, 1, 2]
[125407, 961447]    True    [0, 1, 1, 1]
[128311, 641551]    True    [0, 1, 0, 1]
[129277, 2197693]    True    [2, 1, 2, 0]
[139591, 697951]    True    [0, 1, 0, 1]
[144031, 720151]    True    [0, 1, 0, 0]
[149491, 747451]    True    [1, 1, 0, 0]
[162277, 2920969]    True    [2, 1, 2, 2]
[167311, 270271]    True    [0, 1, 0, 1]
[168211, 264331]    True    [1, 1, 0, 1]
[172243, 688969]    True    [1, 1, 1, 1]
[175781, 1230461]    True    [2, 2, 1, 1]
[184351, 921751]    True    [0, 1, 0, 0]
[184997, 1294973]    True    [2, 2, 2, 0]
[186733, 809173]    True    [2, 0, 2, 0]
[187637, 1313453]    True    [2, 2, 2, 1]
[191551, 651271]    True    [0, 1, 0, 0]
[196291, 981451]    True    [1, 1, 0, 1]
[197371, 986851]    True    [1, 1, 0, 0]
[199501, 598501]    True    [2, 1, 0, 1]
[206887, 4344607]    True    [0, 1, 1, 1]
[214663, 337327]    True    [0, 1, 1, 1]
[216103, 2809327]    True    [0, 1, 1, 0]
[217351, 391231]    True    [0, 1, 0, 1]
[219871, 3737791]    True    [0, 1, 0, 1]
[227111, 2952431]    True    [0, 0, 0, 0]
[229213, 687637]    True    [2, 0, 2, 2]
[231631, 3011191]    True    [0, 1, 0, 1]
[233941, 367621]    True    [2, 0, 0, 0]
[242173, 380557]    True    [2, 0, 2, 0]
[247771, 908491]    True    [1, 1, 0, 0]
[248299, 385291]    True    [1, 1, 0, 1]
[248851, 647011]    True    [1, 1, 0, 1]
[250441, 751321]    True    [2, 2, 0, 0]
[250963, 3262507]    True    [1, 1, 1, 0]
[255511, 2640271]    True    [0, 1, 0, 1]
[261619, 1308091]    True    [1, 1, 0, 1]
[269701, 809101]    True    [2, 1, 0, 2]
[269791, 1348951]    True    [0, 1, 0, 1]
[270271, 565111]    True    [0, 1, 0, 1]
[271471, 1357351]    True    [0, 1, 0, 1]
[271927, 2084767]    True    [0, 1, 1, 0]
[274909, 3023989]    True    [2, 1, 1, 2]
[279991, 404431]    True    [0, 1, 0, 0]
[281053, 1124209]    True    [2, 0, 2, 2]
[293221, 488701]    True    [2, 0, 0, 2]
[293749, 1468741]    True    [2, 0, 1, 0]
[295861, 1479301]    True    [2, 0, 1, 2]
[297853, 1191409]    True    [2, 0, 2, 2]
[300931, 816811]    True    [1, 1, 0, 1]
[301459, 1507291]    True    [1, 1, 0, 1]
[310087, 841663]    True    [0, 1, 1, 1]
[311653, 3116521]    True    [2, 1, 2, 2]
[320431, 1602151]    True    [0, 1, 0, 0]
[325181, 1495829]    True    [2, 2, 0, 2]
[330019, 1650091]    True    [1, 1, 0, 1]
[336151, 784351]    True    [0, 1, 0, 1]
[340999, 1704991]    True    [0, 1, 0, 1]
[342469, 570781]    True    [2, 1, 0, 1]
[344611, 541531]    True    [1, 1, 0, 1]
[344791, 651271]    True    [0, 1, 0, 0]
[347059, 1735291]    True    [1, 1, 0, 0]
[347173, 1041517]    True    [2, 0, 2, 0]
[351401, 2459801]    True    [1, 3, 0, 2]
[357211, 833491]    True    [1, 1, 0, 1]
[368551, 565111]    True    [0, 1, 0, 1]
[377059, 1885291]    True    [1, 1, 0, 1]
[390493, 1171477]    True    [2, 1, 2, 2]
[391399, 1956991]    True    [0, 1, 0, 1]
[392281, 784561]    True    [2, 1, 2, 2]
[395851, 1979251]    True    [1, 1, 0, 1]
[412651, 2063251]    True    [1, 1, 0, 1]
[415111, 2075551]    True    [0, 1, 0, 1]
[419893, 1259677]    True    [2, 1, 2, 2]
[421471, 983431]    True    [0, 1, 0, 1]
[425779, 2128891]    True    [1, 1, 0, 1]
[425791, 615031]    True    [0, 1, 0, 1]
[432587, 1174163]    True    [1, 0, 1, 1]
[436591, 595351]    True    [0, 1, 0, 1]
[439639, 2198191]    True    [0, 1, 0, 1]
[443881, 1422061]    True    [2, 0, 0, 0]
[469099, 1020979]    True    [1, 1, 0, 1]
[483229, 805381]    True    [2, 1, 1, 2]
[498013, 1494037]    True    [2, 1, 2, 2]
[516493, 1549477]    True    [2, 1, 2, 2]
[518311, 1156231]    True    [0, 1, 0, 0]
[520339, 1115011]    True    [1, 1, 0, 1]
[521533, 1564597]    True    [2, 1, 2, 2]
[522661, 1045321]    True    [2, 1, 1, 2]
[543853, 1631557]    True    [2, 0, 2, 1]
[551773, 1655317]    True    [2, 0, 2, 2]
[576493, 1729477]    True    [2, 1, 2, 0]
[579251, 1572251]    True    [1, 0, 0, 1]
[617311, 1440391]    True    [0, 1, 0, 1]
[632941, 1422061]    True    [2, 0, 0, 0]
[668407, 1454767]    True    [0, 1, 1, 0]
[683317, 987013]    True    [2, 1, 2, 2]
[686911, 1236439]    True    [0, 1, 0, 1]
[689851, 1020979]    True    [1, 1, 0, 1]
