[3863, 50207]    True    [0, 0, 1, 0]
[4027, 68443]    True    [1, 1, 1, 1]
[4111, 119191]    True    [0, 1, 0, 1]
[8293, 24877]    True    [2, 1, 2, 2]
[10399, 51991]    True    [0, 1, 0, 1]
[12391, 161071]    True    [0, 1, 0, 1]
[14011, 70051]    True    [1, 1, 0, 1]
[17539, 87691]    True    [1, 1, 0, 1]
[20231, 34511]    True    [0, 0, 0, 1]
[22051, 110251]    True    [1, 1, 0, 1]
[34651, 110251]    True    [1, 1, 0, 1]
[37159, 50671]    True    [0, 1, 0, 0]
[37571, 72251]    True    [1, 0, 0, 1]
[47251, 110251]    True    [1, 1, 0, 1]
